200 PA4-F-Debug-Output.txt 0
   33.18   17.34  -12.36        33.16   17.33  -12.34     0.031
   -6.89    4.67   48.84        -7.00    4.65   48.85     0.111
  -16.44   16.21   22.23       -16.24   16.24   22.25     0.194
   22.44    7.37   51.35        22.58    7.37   51.39     0.147
   27.96   21.42  -19.51        27.86   21.28  -19.45     0.188
   16.08   25.67  -10.90        16.08   25.68  -10.88     0.018
   -1.70  -20.48  -33.82        -1.68  -20.49  -33.82     0.018
   -0.26  -18.09  -31.70        -0.29  -18.07  -31.69     0.046
    1.99    8.70  -14.82         1.98    8.85  -14.87     0.160
  -39.80  -16.37  -33.96       -39.86  -16.38  -33.96     0.056
   -2.83   -5.82  -37.84        -2.84   -5.81  -37.83     0.017
  -14.16  -26.78  -13.33       -14.20  -26.62  -13.39     0.181
   36.17   14.42    2.62        36.11   14.39    2.64     0.076
   21.60   -0.24   44.47        21.59   -0.23   44.49     0.020
   13.72   23.46  -15.89        13.75   23.43  -15.87     0.043
   -7.30  -24.26  -37.79        -7.25  -24.29  -37.82     0.069
  -24.86    9.71  -35.47       -24.82    9.63  -35.42     0.106
   19.45   22.67   19.38        19.44   22.65   19.39     0.023
    2.19   20.08   43.06         2.19   20.20   43.11     0.132
   24.07   18.19   23.61        24.16   18.26   23.66     0.124
   27.67   -6.15  -25.10        27.68   -6.15  -25.11     0.014
  -31.14  -30.21  -24.65       -31.20  -30.32  -24.64     0.119
    0.12  -13.55   -0.60         0.12  -13.54   -0.59     0.009
   39.95    5.05   -6.68        39.77    5.02   -6.62     0.188
  -34.58  -11.31  -45.74       -34.58  -11.30  -45.74     0.008
  -25.98  -31.53  -32.98       -25.96  -31.50  -32.96     0.040
  -29.93  -30.31  -31.80       -29.90  -30.24  -31.79     0.074
   -6.83    7.55   51.72        -6.63    7.49   51.72     0.202
   -5.74   16.24   11.14        -5.72   16.22   11.17     0.037
  -24.38   11.91  -28.14       -24.37   11.89  -28.13     0.022
  -40.01  -17.52  -34.28       -39.80  -18.04  -34.58     0.638
   35.81   14.20    6.71        35.78   14.18    6.71     0.036
   30.27   13.52  -25.23        30.31   13.56  -25.25     0.065
  -16.97  -25.35  -42.59       -16.99  -25.29  -42.53     0.087
    6.57   11.29   63.25         6.56   11.28   63.17     0.085
   24.13    2.84   37.91        24.28    2.81   37.95     0.152
  -14.93   19.28   20.75       -14.97   19.29   20.74     0.043
   24.69   24.44   -4.54        24.69   24.44   -4.52     0.019
   21.24  -12.32   -1.08        21.25  -12.35   -1.06     0.038
   26.96    0.57   25.18        27.03    0.55   25.22     0.089
   15.56   -5.50   38.19        15.55   -5.42   38.20     0.075
   -8.71    7.84   32.05        -8.57    7.94   32.00     0.184
   24.15   -5.78   15.56        24.15   -5.77   15.57     0.017
    4.91    7.35   63.35         4.89    7.35   63.25     0.096
   18.74   -5.89  -23.33        18.70   -5.88  -23.41     0.088
   -5.30   -1.82   57.62        -5.42   -1.91   57.63     0.147
   -0.21  -11.87  -32.70        -0.22  -11.87  -32.69     0.013
   -5.20   -5.57   28.01        -5.12   -5.49   28.01     0.113
    6.44   -5.97  -23.31         6.46   -5.96  -23.34     0.046
  -26.63    8.82  -17.24       -26.69    9.00  -17.14     0.209
  -10.74    9.84   31.45       -10.57   10.03   31.39     0.260
  -37.02   -2.21  -13.10       -36.98   -2.23  -13.13     0.057
   -7.56   20.82   15.48        -7.53   20.77   15.54     0.087
   -0.28   17.67   53.12        -0.36   17.77   53.15     0.130
    7.13   21.93   -3.30         7.16   21.91   -3.28     0.044
   14.95   -7.51   16.73        14.95   -7.52   16.74     0.014
  -28.35  -25.70  -11.25       -28.36  -25.71  -11.23     0.029
  -17.74    9.02  -18.25       -17.73    8.99  -18.25     0.028
   -6.99    6.80   52.15        -6.83    6.75   52.15     0.162
  -25.80   10.54  -19.72       -25.79   10.52  -19.72     0.022
  -15.32  -25.79  -41.83       -15.30  -25.83  -41.88     0.067
   11.70   -8.92   13.92        11.70   -8.94   13.94     0.022
   -7.59  -18.11   -7.19        -7.58  -18.05   -7.24     0.079
  -33.03  -10.96   -7.47       -32.99  -10.98   -7.54     0.090
  -10.38   15.34   37.23       -10.28   15.39   37.11     0.162
   -1.57  -19.52  -34.89        -1.55  -19.52  -34.88     0.012
   -1.06  -10.97  -35.39        -1.04  -10.96  -35.38     0.021
  -28.07  -28.70  -37.50       -28.08  -28.74  -37.52     0.046
  -28.94   -4.92  -47.14       -29.02   -4.84  -47.28     0.183
   -6.38  -21.04  -11.17        -6.36  -21.07  -11.15     0.042
  -36.00  -13.04  -44.52       -36.18  -13.10  -44.68     0.246
   22.33    4.18   49.98        22.24    4.19   49.99     0.095
  -15.28  -24.96  -11.04       -15.28  -24.94  -11.05     0.021
   -5.60   11.05    2.49        -5.55   10.99    2.52     0.082
  -22.68    2.65  -44.37       -22.67    2.64  -44.35     0.023
   -6.63   24.50   22.00        -6.65   24.73   21.96     0.232
   34.96   -4.04    8.25        34.83   -3.91    8.22     0.189
   -3.02  -20.49  -35.94        -2.98  -20.50  -35.95     0.037
   31.06   -7.91   -7.92        31.12   -7.96   -7.93     0.076
  -18.59  -15.16   -5.25       -18.59  -15.16   -5.23     0.018
   -5.11   -2.09   56.51        -4.98   -2.00   56.52     0.158
   22.31    3.93   49.75        22.22    3.94   49.75     0.092
   35.99    0.42   10.94        35.90    0.43   10.87     0.111
   26.90    0.40  -29.35        26.88    0.36  -29.44     0.099
   12.76   17.13  -29.40        12.71   17.12  -29.44     0.064
   12.68  -17.12   -7.87        12.67  -17.15   -7.86     0.027
   23.23   20.55   19.37        23.12   20.45   19.34     0.152
   -2.37    0.75  -27.22        -2.41    0.74  -27.18     0.050
   12.09  -13.32    4.02        12.07  -13.24    3.97     0.097
   -3.51  -25.36  -24.97        -3.58  -25.28  -24.99     0.102
  -42.94   -3.33  -25.31       -42.93   -3.33  -25.30     0.009
  -12.67  -25.22  -41.45       -12.59  -25.33  -41.57     0.177
  -41.73  -12.88  -17.09       -41.73  -12.88  -17.09     0.006
  -27.85    9.63  -33.00       -27.88    9.69  -33.01     0.069
    0.25  -18.52  -10.81         0.21  -18.34  -10.86     0.183
  -14.08  -26.79  -13.40       -14.08  -26.78  -13.41     0.014
   27.52    6.81   26.27        27.40    6.80   26.25     0.120
   -8.28  -19.51   -8.71        -8.29  -19.44   -8.75     0.078
   29.41    8.15   20.48        29.35    8.15   20.47     0.058
   27.45   -3.39   18.11        27.45   -3.40   18.12     0.018
    6.17   21.45   36.68         6.17   21.46   36.69     0.018
   -9.83   13.52   13.55        -9.80   13.51   13.59     0.057
  -26.33    2.48  -43.84       -26.33    2.51  -43.86     0.040
  -32.62   -6.26  -45.62       -32.61   -6.26  -45.60     0.019
    6.96  -15.27   -3.62         6.93  -15.40   -3.55     0.147
   28.18   18.82  -22.69        28.19   18.83  -22.68     0.018
   18.25   23.47   17.86        18.30   23.64   17.92     0.187
  -38.28   -7.81  -41.40       -38.32   -7.79  -41.44     0.057
  -33.05    8.36  -23.35       -33.03    8.34  -23.35     0.028
   26.88   -8.72    4.61        26.88   -8.82    4.65     0.107
  -27.22   10.24  -31.76       -27.23   10.29  -31.77     0.052
    0.99   19.13   47.75         0.98   18.99   47.73     0.144
   32.87   17.59    6.54        32.85   17.58    6.55     0.025
   27.59    1.00   23.88        27.62    0.99   23.90     0.040
   20.17   15.53   47.72        20.18   15.54   47.74     0.022
   -0.01   21.38   36.94        -0.03   21.26   36.93     0.119
    9.14   20.34   -8.96         9.06   20.38   -9.00     0.098
   -7.31   22.48   17.51        -7.32   22.53   17.49     0.059
   31.84    0.40   15.52        31.75    0.44   15.46     0.118
   12.17   21.77   45.01        12.18   21.71   45.01     0.064
   30.30   -9.09   -6.20        30.28   -9.06   -6.18     0.047
  -25.06    8.59  -17.20       -25.06    8.59  -17.20     0.003
   10.65   22.31   32.97        10.65   22.22   32.98     0.098
   -6.71    8.01   52.01        -6.84    8.03   52.02     0.140
  -22.83  -21.86   -7.58       -22.82  -21.86   -7.55     0.023
  -32.55    5.26  -37.72       -32.63    5.43  -37.78     0.195
   -4.47   -9.24   16.14        -4.51   -9.35   16.15     0.114
  -23.99   11.97  -28.34       -24.01   12.09  -28.35     0.123
   -6.49    1.53   51.23        -6.41    1.56   51.25     0.085
   -5.05    0.07  -35.94        -5.17    0.01  -35.90     0.147
   -4.48   -9.71  -41.83        -4.50   -9.70  -41.80     0.036
   26.96   10.90   25.60        26.87   10.87   25.59     0.093
    8.56  -13.63    3.04         8.57  -13.62    3.04     0.010
  -22.18  -32.67  -24.59       -22.18  -32.52  -24.59     0.151
    1.98  -17.75  -23.06         2.02  -17.76  -23.06     0.035
   40.06    4.24   -1.26        40.19    4.60   -0.99     0.469
  -21.88  -29.62  -15.02       -21.88  -29.63  -15.01     0.016
   26.30   -6.57   11.50        26.30   -6.63   11.53     0.064
  -39.45    2.07  -30.60       -39.45    2.08  -30.60     0.007
  -43.18   -6.06  -29.71       -43.17   -6.05  -29.70     0.014
    3.59   24.40   15.31         3.63   24.26   15.35     0.156
   -3.17   -8.03  -39.88        -3.16   -8.02  -39.87     0.013
  -29.14    5.68  -39.68       -29.13    5.68  -39.66     0.015
  -30.51  -29.09  -34.54       -30.46  -29.03  -34.51     0.084
  -43.20   -5.81  -29.65       -43.28   -5.80  -29.67     0.081
    1.32  -18.96  -15.80         1.34  -18.98  -15.78     0.035
  -41.47  -15.16  -17.73       -41.55  -15.18  -17.68     0.101
  -41.19   -0.97  -20.84       -41.14   -1.00  -20.84     0.060
   11.81   -6.34   57.25        11.81   -6.35   57.26     0.013
   35.95   -0.14   10.90        35.95   -0.14   10.92     0.023
   -3.96  -17.01  -39.81        -4.00  -17.02  -39.78     0.052
  -11.71  -23.33  -42.72       -11.61  -23.46  -42.56     0.229
   32.30   -6.83    0.99        32.33   -6.85    1.01     0.037
  -17.48   10.41  -35.75       -17.48   10.41  -35.74     0.013
  -40.12  -16.83  -32.64       -40.14  -16.82  -32.65     0.020
   -6.99   -9.60    8.60        -6.99   -9.60    8.61     0.008
  -14.41  -23.05  -43.90       -14.41  -23.02  -43.82     0.080
  -41.24  -18.93  -21.20       -41.26  -18.94  -21.19     0.028
  -42.20   -2.52  -22.68       -42.21   -2.51  -22.67     0.020
   19.90  -16.79   -6.82        19.91  -16.81   -6.80     0.023
    6.07   22.40   30.98         6.07   22.26   30.95     0.143
  -11.49    6.60   17.98       -11.36    6.62   18.01     0.140
   33.28   -3.46  -22.93        33.28   -3.46  -22.91     0.018
  -22.67    5.85  -41.49       -22.67    5.80  -41.43     0.078
  -33.90    7.68  -29.21       -33.92    7.72  -29.21     0.041
  -42.82  -14.31  -21.27       -42.90  -14.32  -21.25     0.084
  -19.25  -32.54  -25.69       -19.24  -32.58  -25.69     0.051
    6.86  -14.33  -19.56         6.99  -14.46  -19.60     0.191
    1.98   -7.31  -26.57         1.96   -7.31  -26.54     0.039
  -40.45  -17.69  -32.05       -40.45  -17.68  -32.04     0.004
  -13.57  -31.17  -29.48       -13.59  -31.07  -29.47     0.102
    3.40  -15.41   -4.72         3.40  -15.22   -4.79     0.200
  -23.46  -11.30   -5.17       -23.46  -11.30   -5.16     0.007
   -3.18   10.74   -3.65        -3.16   10.70   -3.62     0.053
  -10.02    7.17   -6.72       -10.02    7.17   -6.71     0.010
   21.47   14.21   45.32        21.48   14.21   45.34     0.019
  -24.66   11.40  -22.04       -24.59   11.21  -22.04     0.210
   -8.80  -27.77  -34.02        -8.77  -27.81  -34.04     0.054
  -31.31    5.52  -38.61       -31.32    5.56  -38.62     0.044
   30.68   20.35   -6.20        30.63   20.30   -6.18     0.071
  -17.60   -9.02  -48.61       -17.59   -9.01  -48.61     0.012
  -41.98  -14.10  -18.32       -41.98  -14.10  -18.32     0.004
  -26.47    8.48  -36.89       -26.45    8.44  -36.87     0.043
  -15.11   19.85   21.74       -15.17   19.88   21.72     0.074
   23.36   19.97   20.36        23.41   20.02   20.39     0.074
  -22.18    8.52  -38.10       -22.18    8.57  -38.11     0.048
   20.85    5.07   61.74        20.85    5.06   61.76     0.023
   28.70  -10.79  -10.50        28.73  -10.82  -10.48     0.048
   30.93    7.39   17.67        30.92    7.39   17.67     0.018
   24.19  -13.31   -4.70        24.17  -13.27   -4.70     0.048
  -37.49   -4.13  -12.26       -37.60   -4.06  -12.15     0.173
   10.02    3.55   63.01        10.01    3.54   62.90     0.105
  -32.84   -1.16  -43.27       -32.87   -1.11  -43.35     0.101
   18.19   -4.03   40.31        18.26   -4.13   40.32     0.127
   -2.21    2.36   63.36        -2.20    2.36   63.27     0.095
   20.82   12.62   56.52        20.74   12.59   56.53     0.085
   -7.89    4.06   30.51        -7.83    4.07   30.51     0.058
  -14.15  -31.44  -28.89       -14.12  -31.52  -28.90     0.083
   11.34  -15.46  -13.18        11.34  -15.76  -13.30     0.323
   22.02  -15.67  -14.83        22.04  -15.71  -14.83     0.047
