200 PA4-G-Unknown-Output.txt 0
   -4.28  -18.48  -39.26        -4.26  -18.49  -39.25     0.016
   -7.00    6.77   51.17        -6.98    6.77   51.19     0.029
   12.34   21.65   49.48        12.34   21.63   49.49     0.026
  -11.76  -13.52  -47.06       -11.75  -13.52  -47.08     0.031
    7.10   25.18   10.58         7.10   25.17   10.59     0.016
   -5.21   20.23   13.50        -5.23   20.26   13.49     0.033
  -41.23  -16.08  -30.70       -41.27  -16.08  -30.72     0.041
  -18.63  -31.96  -21.57       -18.63  -31.94  -21.57     0.019
   17.45  -10.08  -20.64        17.44  -10.13  -20.69     0.065
   30.29    7.72  -28.51        30.32    7.73  -28.51     0.031
   -6.50   -6.23  -43.36        -6.49   -6.22  -43.36     0.015
   37.48   10.80   -8.77        37.47   10.81   -8.76     0.019
   18.59   -1.28   59.00        18.60   -1.29   59.01     0.016
   -7.01    6.96   58.97        -6.99    6.96   58.98     0.026
    0.61  -14.79   -3.41         0.62  -14.77   -3.40     0.016
   38.25    5.49  -11.83        38.27    5.50  -11.82     0.020
   -9.34    6.98   28.73        -9.30    7.00   28.73     0.037
    5.22   23.07   26.93         5.21   23.05   26.94     0.026
   18.91   -8.38   10.46        18.91   -8.37   10.47     0.014
   -5.06   24.34   29.13        -5.07   24.34   29.14     0.013
   21.17    3.47   56.47        21.18    3.46   56.49     0.021
   22.14   10.05   51.85        22.16   10.06   51.87     0.030
   28.17   -3.20   16.99        28.16   -3.19   17.00     0.017
   35.58   -1.39  -18.88        35.60   -1.38  -18.87     0.018
   16.84   -4.66   45.39        16.84   -4.67   45.40     0.018
   11.94   -6.31   42.14        11.93   -6.31   42.15     0.013
  -29.05  -26.68  -39.77       -29.04  -26.70  -39.78     0.022
  -10.11    7.45    4.15       -10.12    7.46    4.16     0.016
   19.82   -8.78    8.05        19.82   -8.76    8.06     0.016
  -13.34   -5.34    5.61       -13.32   -5.33    5.61     0.019
   -2.36   15.55   57.95        -2.35   15.53   57.96     0.026
  -13.65   10.68   23.30       -13.64   10.69   23.31     0.014
   21.42   25.60    3.09        21.41   25.58    3.10     0.022
    3.11  -18.00  -12.37         3.10  -17.98  -12.37     0.021
  -33.38  -28.31  -21.52       -33.38  -28.32  -21.51     0.011
   19.33  -14.72  -16.97        19.33  -14.77  -17.01     0.063
  -30.92  -11.68  -46.92       -30.93  -11.68  -46.96     0.048
   -4.00  -13.66   -0.60        -3.99  -13.64   -0.59     0.018
   21.13    1.93   53.49        21.13    1.93   53.51     0.018
    0.45  -16.96  -28.72         0.45  -16.95  -28.70     0.016
  -13.48  -29.48  -35.60       -13.47  -29.49  -35.60     0.015
  -26.34  -29.92  -16.29       -26.33  -29.91  -16.31     0.029
    0.43   -1.78  -25.89         0.44   -1.77  -25.88     0.014
   22.49   -6.24   15.11        22.49   -6.24   15.13     0.018
    9.87   20.73   56.42         9.86   20.73   56.43     0.016
   26.75   10.70   26.55        26.74   10.70   26.56     0.018
  -29.26  -29.83  -34.20       -29.26  -29.85  -34.20     0.022
  -15.77   19.86   23.86       -15.77   19.86   23.87     0.011
   -0.07  -12.54  -33.26        -0.09  -12.54  -33.24     0.024
  -23.14    9.26  -17.94       -23.14    9.24  -17.96     0.029
    1.23    8.58  -15.01         1.23    8.59  -15.00     0.014
  -11.52   -4.32    9.91       -11.50   -4.31    9.91     0.018
    6.66   -8.42   19.68         6.65   -8.40   19.68     0.021
   -3.71    9.05  -10.96        -3.71    9.06  -10.95     0.013
  -41.50   -7.66  -16.37       -41.52   -7.66  -16.36     0.017
  -42.14  -17.77  -23.95       -42.15  -17.78  -23.94     0.019
   32.90   17.63   -4.53        32.88   17.62   -4.51     0.026
   18.48   16.11   56.10        18.51   16.14   56.11     0.036
  -19.32   -4.12  -47.92       -19.30   -4.10  -47.93     0.028
   16.51   -6.58   21.74        16.51   -6.59   21.76     0.017
   18.07   -6.03   24.93        18.20   -5.96   25.09     0.223
    9.23   26.17    4.19         9.24   26.14    4.20     0.026
  -39.03  -18.08  -37.39       -39.06  -18.09  -37.39     0.038
  -36.09  -26.79  -26.64       -36.09  -26.81  -26.64     0.014
  -21.33  -18.03  -47.65       -21.33  -18.04  -47.69     0.042
  -16.84   12.05  -26.96       -16.84   12.04  -26.95     0.011
   -5.94   -2.64   36.46        -5.92   -2.62   36.47     0.026
    5.20  -16.93  -12.23         5.21  -16.94  -12.22     0.017
    5.74   -7.01   49.76         5.73   -7.00   49.77     0.017
   16.25   24.98  -15.41        16.26   24.98  -15.39     0.019
   -6.20   -1.53   36.49        -6.18   -1.52   36.50     0.020
   -8.43    8.25  -23.36        -8.43    8.25  -23.35     0.011
   29.57   16.45   13.92        29.54   16.44   13.92     0.035
    0.91  -19.01  -19.22         0.87  -19.04  -19.30     0.088
    7.34   15.85   63.20         7.33   15.85   63.14     0.060
   20.79    0.68  -25.49        20.74    0.67  -25.52     0.060
  -39.79  -15.70  -35.84       -39.82  -15.71  -35.83     0.033
  -25.28  -31.43  -19.21       -25.27  -31.43  -19.21     0.012
  -25.83   -5.88   -7.45       -25.82   -5.89   -7.46     0.014
  -30.85  -15.31  -46.35       -30.89  -15.31  -46.39     0.050
   -0.37   -7.36   31.72        -0.37   -7.35   31.73     0.013
  -30.75  -27.24  -15.53       -30.75  -27.25  -15.52     0.012
   26.54   13.35   24.33        26.52   13.34   24.34     0.022
   20.27   20.85  -27.76        20.29   20.88  -27.79     0.044
   11.83   20.55   58.04        11.82   20.56   58.06     0.019
   32.48   -2.31   13.27        32.46   -2.29   13.28     0.023
   -0.25   -7.38   32.24        -0.25   -7.36   32.25     0.016
   11.52   24.20   -8.22        11.52   24.20   -8.21     0.014
   35.37   12.13  -15.07        35.38   12.13  -15.06     0.023
   14.60  -13.37  -17.33        14.60  -13.41  -17.36     0.050
  -11.27    8.02   12.06       -11.28    8.02   12.07     0.011
    7.02   11.32  -10.60         6.80   11.22  -10.75     0.281
  -13.38    5.19  -41.20       -13.37    5.20  -41.20     0.016
  -23.13    2.82  -44.26       -23.12    2.84  -44.28     0.030
    1.49   -6.00  -26.82         1.49   -5.99  -26.81     0.013
  -15.59  -11.26   -2.02       -15.57  -11.24   -2.03     0.025
    9.38   22.90   -6.45         9.37   22.91   -6.45     0.019
   -7.78  -22.95  -39.82        -7.77  -22.95  -39.81     0.014
   -6.71    8.41   47.58        -6.69    8.40   47.59     0.024
  -35.21    6.66  -29.37       -35.22    6.68  -29.37     0.021
   11.84   -6.23  -21.93        11.84   -6.24  -21.99     0.062
   14.60   25.78   -8.05        14.60   25.78   -8.04     0.014
  -35.26  -19.40  -41.53       -35.28  -19.42  -41.55     0.035
   35.30   15.68    2.57        35.30   15.69    2.59     0.017
  -24.44   11.99  -26.22       -24.44   11.99  -26.21     0.009
   14.70   18.68  -30.98        14.69   18.68  -31.04     0.067
   -6.56   11.38   44.89        -6.54   11.37   44.90     0.023
    8.10   20.39   56.10         8.10   20.38   56.11     0.017
    9.79  -14.28  -17.14         9.80  -14.31  -17.14     0.034
  -38.66    2.60  -31.67       -38.69    2.63  -31.68     0.040
  -28.36   -1.83  -11.07       -28.36   -1.85  -11.09     0.027
   28.52   -7.34  -24.18        28.54   -7.37  -24.22     0.055
   -9.49    6.89   28.18        -9.46    6.91   28.18     0.033
   27.08   23.21   -5.75        27.07   23.20   -5.73     0.020
   18.46    0.61   62.33        18.44    0.62   62.32     0.029
   21.60  -13.44  -19.79        21.59  -13.46  -19.77     0.029
  -36.95   -2.60  -40.96       -36.98   -2.59  -40.99     0.046
   34.51   -2.35  -20.65        34.53   -2.36  -20.65     0.027
  -28.35   -3.47  -10.00       -28.35   -3.49  -10.02     0.026
   15.43    8.53   63.17        15.42    8.54   63.10     0.064
   27.99   22.01    6.97        27.97   21.98    6.97     0.033
  -28.65    3.34  -41.99       -28.66    3.37  -42.01     0.038
   39.87    7.12   -0.21        39.85    7.11   -0.20     0.027
   -2.11   -7.27  -36.56        -2.12   -7.28  -36.54     0.022
   22.17   25.18  -11.04        22.16   25.16  -11.03     0.029
  -41.00    0.21  -24.01       -40.98    0.31  -24.08     0.120
   32.48   -4.88   10.68        32.48   -4.87   10.69     0.016
  -18.81  -31.79  -19.89       -18.80  -31.77  -19.89     0.017
   -6.43  -25.10  -35.24        -6.44  -25.09  -35.22     0.021
    3.71  -12.17    7.85         3.71  -12.17    7.86     0.012
   16.40   17.96   57.75        16.40   17.97   57.76     0.017
   -5.49   11.68   59.06        -5.48   11.67   59.07     0.020
   -6.87    9.41   44.50        -6.84    9.40   44.50     0.034
  -14.64    3.63   -2.01       -14.64    3.64   -2.00     0.011
  -31.47  -19.18   -8.44       -31.45  -19.18   -8.45     0.017
   17.69   22.50  -27.53        17.70   22.52  -27.53     0.025
    6.20  -11.92  -22.30         6.22  -11.94  -22.34     0.043
  -40.24  -21.64  -28.40       -40.26  -21.67  -28.39     0.029
  -27.15    6.86  -15.59       -27.15    6.84  -15.61     0.026
    3.92   22.17    4.10         3.91   22.17    4.11     0.012
   21.36  -11.01  -21.56        21.36  -11.04  -21.62     0.071
   -3.61   18.53   10.70        -3.63   18.55   10.70     0.022
   33.36   -5.01  -21.51        33.38   -5.01  -21.50     0.022
   -4.98   -5.77   28.93        -4.97   -5.76   28.94     0.022
   31.67    8.41  -26.64        31.70    8.42  -26.65     0.030
   -2.87  -11.93    4.45        -2.87  -11.92    4.46     0.018
    6.97   24.39    3.32         6.97   24.39    3.34     0.013
   31.15   -9.47  -14.34        31.16   -9.46  -14.33     0.016
   28.25   20.93    9.79        28.22   20.89    9.79     0.044
   -9.10  -18.36  -44.13        -9.08  -18.36  -44.14     0.018
  -34.90    3.17  -15.09       -34.89    3.16  -15.09     0.010
   15.88   -7.96   14.23        15.88   -7.95   14.24     0.014
  -17.59  -32.29  -29.81       -17.58  -32.29  -29.80     0.013
   33.25   -5.01  -21.91        33.28   -5.02  -21.90     0.028
  -34.77  -17.12  -43.65       -34.79  -17.14  -43.67     0.043
   -9.96   23.30   19.71        -9.97   23.33   19.70     0.025
  -43.48  -10.55  -22.05       -43.50  -10.56  -22.04     0.025
   26.12   23.42  -16.72        26.11   23.40  -16.71     0.029
   -5.48  -10.93    6.26        -5.48  -10.92    6.27     0.014
   18.90   20.48   35.97        18.90   20.49   35.98     0.018
   12.51   18.88  -29.73        12.46   18.87  -29.76     0.052
   21.45   14.20   45.49        21.47   14.21   45.51     0.025
  -14.62  -31.62  -24.54       -14.61  -31.60  -24.54     0.019
  -36.11  -26.04  -31.42       -36.13  -26.07  -31.42     0.028
   -2.14   15.78   57.05        -2.14   15.77   57.06     0.015
   -0.89   21.43   37.06        -0.89   21.42   37.07     0.013
   15.64  -11.01    6.43        15.64  -10.99    6.44     0.018
  -13.44  -31.08  -29.83       -13.44  -31.07  -29.82     0.015
    9.22   25.52    1.21         9.22   25.52    1.22     0.014
   20.19   -1.17   49.60        20.19   -1.18   49.61     0.017
  -14.90  -19.96   -7.87       -14.91  -19.94   -7.90     0.039
   35.72    8.03  -18.45        35.73    8.04  -18.44     0.019
   13.14   -5.74   59.63        13.14   -5.74   59.65     0.014
  -15.23   -7.75    1.33       -15.22   -7.74    1.33     0.018
  -32.56    7.82  -20.51       -32.56    7.82  -20.50     0.010
  -18.70  -10.27  -49.15       -18.69  -10.26  -49.17     0.029
   -6.87    3.79   56.77        -6.85    3.79   56.78     0.022
  -36.64  -24.73  -33.63       -36.66  -24.76  -33.63     0.034
   -7.42    8.22   39.62        -7.38    8.22   39.62     0.040
  -30.19    6.35  -38.12       -30.20    6.38  -38.13     0.034
  -17.76    6.05  -13.45       -17.75    6.03  -13.46     0.025
   20.50   -9.80    4.42        20.50   -9.78    4.43     0.017
   27.90   22.37  -15.75        27.89   22.36  -15.73     0.025
    7.74   -9.20  -23.03         7.76   -9.23  -23.06     0.043
   -6.89    4.27   53.42        -6.85    4.27   53.42     0.035
   14.16   -4.00   62.58        14.14   -3.98   62.55     0.042
    6.41   19.54   60.85         6.40   19.51   60.84     0.031
  -11.97  -28.26  -16.97       -11.96  -28.24  -16.97     0.021
  -22.52   12.22  -26.27       -22.52   12.23  -26.26     0.011
   39.82    7.41   -0.84        39.81    7.41   -0.82     0.020
   34.22   -0.86   12.62        34.19   -0.84   12.60     0.039
  -21.21  -12.74  -47.77       -21.20  -12.74  -47.76     0.012
   -0.23   -6.26   44.64        -0.23   -6.25   44.65     0.019
   28.92   -5.32   12.78        28.91   -5.31   12.79     0.018
   24.29    3.39   37.48        24.31    3.39   37.49     0.020
   22.49   10.35   49.23        22.50   10.36   49.25     0.022
  -23.88  -31.80  -19.82       -23.88  -31.78  -19.82     0.024
   -6.89   19.91   14.24        -6.91   19.93   14.22     0.037
   34.48   -4.51    8.21        34.49   -4.51    8.23     0.017
   -3.99   24.08   29.45        -3.99   24.08   29.46     0.013
