200 PA4-D-Debug-Output.txt 0
   -7.65   11.95    8.98        -7.70   11.98    8.96     0.064
  -39.06   -7.74  -12.37       -39.05   -7.75  -12.35     0.022
   -0.12   17.50    5.03        -0.14   17.52    5.04     0.031
   -5.95  -19.85  -40.71        -5.92  -19.84  -40.72     0.027
   -0.64  -19.80  -14.67        -0.63  -19.79  -14.67     0.014
   -7.41   12.75   41.70        -7.38   12.73   41.71     0.043
  -32.17  -21.50  -42.75       -32.20  -21.52  -42.78     0.045
  -36.95  -25.51  -29.62       -36.95  -25.53  -29.61     0.021
    0.60   18.66    5.43         0.57   18.68    5.43     0.034
   20.59    7.83  -28.98        20.57    7.86  -28.99     0.036
   35.73    7.68   10.52        35.69    7.68   10.49     0.047
   -6.07    0.32   56.83        -6.07    0.28   56.84     0.041
   12.77   -8.45  -21.59        12.77   -8.43  -21.63     0.039
   -2.19   -4.20  -30.47        -2.19   -4.18  -30.47     0.018
    1.14  -11.66    8.26         1.15  -11.65    8.26     0.018
  -11.62   18.27   36.35       -11.56   18.23   36.31     0.082
   24.41   -3.90   21.96        24.43   -3.90   21.96     0.017
  -13.35  -31.23  -24.57       -13.35  -31.20  -24.57     0.033
   24.37   10.04   37.86        24.34   10.03   37.86     0.028
   37.26   12.84    3.59        37.21   12.83    3.59     0.053
   -1.99    9.61   -9.58        -1.99    9.59   -9.56     0.025
  -15.59  -24.74  -10.82       -15.58  -24.72  -10.84     0.036
   -4.48   -2.85   54.57        -4.42   -2.85   54.58     0.060
   -6.35   -1.26   35.68        -6.38   -1.28   35.69     0.040
   -5.83   15.95   11.00        -5.87   15.97   11.00     0.047
   -6.98    9.04   -1.87        -6.99    9.05   -1.86     0.024
    8.17   -5.58   63.42         8.19   -5.60   63.40     0.040
   28.51    9.60  -29.64        28.49    9.63  -29.63     0.038
  -13.22   -1.28    8.73       -13.20   -1.29    8.74     0.020
   27.87   -6.81   10.30        27.90   -6.90   10.33     0.103
   29.56    4.10  -28.86        29.55    4.14  -28.86     0.037
  -35.21    0.60  -40.42       -35.25    0.63  -40.45     0.061
   -7.15  -20.50  -41.50        -7.12  -20.50  -41.51     0.027
   -8.29    3.53   28.23        -8.05    2.89   28.86     0.933
   31.16   19.95  -11.67        31.10   19.93  -11.66     0.068
   12.60   22.74  -15.17        12.69   22.62  -15.12     0.156
    4.46    5.12   63.39         4.47    5.09   63.34     0.068
  -13.70   23.03   24.98       -13.76   23.07   25.01     0.074
  -26.44  -22.38   -7.97       -26.42  -22.33   -8.02     0.069
   29.47   10.37   19.26        29.44   10.37   19.25     0.033
  -29.31  -26.50  -12.98       -29.29  -26.49  -12.98     0.022
   22.65   10.13   48.69        22.62   10.11   48.69     0.035
   -3.66   16.77    9.26        -3.70   16.79    9.24     0.051
   24.59    6.11   37.91        24.55    6.10   37.91     0.042
  -14.84    2.61    1.46       -14.85    2.61    1.48     0.024
  -12.79  -26.91  -14.47       -12.78  -26.88  -14.48     0.037
   18.74   26.51   -4.78        18.71   26.44   -4.75     0.083
    8.69  -11.93  -20.90         8.71  -11.92  -20.92     0.033
  -34.95  -10.76  -45.40       -34.99  -10.75  -45.43     0.048
  -39.11    2.12  -31.50       -39.15    2.14  -31.49     0.046
  -30.49   -3.73   -9.62       -30.48   -3.76   -9.63     0.030
    4.57  -14.72  -21.96         4.59  -14.72  -21.99     0.031
   20.26   -6.90  -23.86        20.26   -6.92  -23.95     0.088
   33.25   -7.31  -13.08        33.36   -7.39  -13.06     0.144
    2.09  -11.81    8.62         2.10  -11.81    8.62     0.013
   17.23   22.34   28.43        17.23   22.35   28.45     0.018
  -14.20    3.97   -0.87       -14.23    4.00   -0.85     0.042
    6.31  -12.81  -21.90         6.32  -12.80  -21.92     0.026
   -6.80    3.69   59.12        -6.81    3.65   59.14     0.042
  -16.12   19.01   25.60       -16.10   18.98   25.62     0.041
   36.10    4.23  -17.81        36.19    4.25  -17.85     0.095
  -40.02  -13.81  -34.89       -40.06  -13.82  -34.89     0.036
   29.42   -0.05  -28.03        29.50   -0.07  -28.14     0.133
  -17.11  -20.92  -46.01       -17.10  -20.92  -46.04     0.034
  -29.70    7.23  -36.79       -29.72    7.25  -36.78     0.037
   14.31   22.57   31.96        14.31   22.62   31.98     0.046
  -40.25  -19.81  -31.99       -40.32  -19.82  -32.01     0.067
   21.45    8.92   58.63        21.40    8.90   58.62     0.053
  -39.56  -18.11  -35.21       -39.61  -18.13  -35.22     0.050
   28.16   -2.74  -27.05        28.25   -2.81  -27.17     0.161
  -36.83  -17.36  -41.39       -36.86  -17.38  -41.41     0.039
    2.90  -16.60  -22.51         2.91  -16.58  -22.51     0.017
   -6.95    4.50   38.61        -6.97    4.47   38.62     0.034
  -30.94   -4.17   -9.42       -30.93   -4.19   -9.43     0.025
   -0.18  -14.51  -33.77        -0.21  -14.49  -33.75     0.039
    6.94   -9.41   16.07         6.94   -9.36   16.06     0.047
  -11.96  -30.02  -32.08       -11.96  -29.99  -32.08     0.026
   11.52   18.15  -13.64        11.55   18.18  -13.62     0.044
   26.11    7.51  -30.28        26.11    7.53  -30.37     0.090
    9.85   -6.51   42.50         9.86   -6.40   42.50     0.115
  -14.18    7.06  -14.02       -14.18    7.03  -14.03     0.034
  -26.44  -25.59  -10.43       -26.43  -25.55  -10.48     0.068
  -17.08   -4.75    0.56       -17.06   -4.75    0.56     0.023
    5.70  -12.36    7.36         5.71  -12.39    7.36     0.029
   13.06   -6.08   49.02        13.01   -5.93   49.02     0.155
   35.37   14.49    7.07        35.30   14.45    7.05     0.086
   10.49   -6.05   63.05        10.40   -5.89   62.94     0.218
   11.35   24.14   20.14        11.34   24.14   20.16     0.018
   19.72   -7.23   14.12        19.74   -7.26   14.13     0.041
  -40.66    0.96  -24.44       -40.68    0.96  -24.42     0.029
  -17.68  -13.80  -48.68       -17.67  -13.78  -48.72     0.038
   14.27   22.02   35.43        14.28   22.08   35.45     0.071
   39.68    7.80   -0.47        39.65    7.82   -0.47     0.036
  -29.24   10.46  -25.67       -29.26   10.47  -25.65     0.031
  -21.25  -31.59  -34.57       -21.24  -31.61  -34.58     0.023
   -6.40  -12.37    1.96        -6.38  -12.36    1.96     0.022
  -15.24  -30.18  -18.51       -15.24  -30.14  -18.52     0.037
   34.13   16.46  -11.12        34.05   16.42  -11.10     0.090
   35.15   15.12    6.36        35.08   15.08    6.34     0.081
   15.33   24.83  -13.04        15.40   24.71  -12.98     0.149
   -5.73   -3.78   33.19        -5.67   -3.75   33.17     0.069
   31.02   -6.73  -23.10        31.12   -6.68  -23.23     0.178
   -0.65  -17.83  -34.08        -0.68  -17.80  -34.06     0.038
   35.14   -4.08   -8.60        35.26   -4.18   -8.59     0.159
   19.13  -10.29  -21.18        19.06  -10.35  -21.26     0.122
   13.94   21.30  -29.32        13.93   21.32  -29.29     0.038
   -1.90  -22.19  -30.91        -1.92  -22.16  -30.91     0.035
   -8.06   25.06   25.08        -8.06   25.20   25.10     0.150
    1.25  -16.67  -26.23         1.24  -16.65  -26.22     0.026
   35.33    3.70  -19.94        35.38    3.73  -19.96     0.057
   22.17   -3.13   30.29        22.15   -3.09   30.28     0.044
    0.70  -17.21   -8.21         0.72  -17.23   -8.19     0.026
   37.32   12.30   -5.19        37.23   12.28   -5.17     0.086
   -1.93    4.36   63.38        -1.91    4.33   63.31     0.081
  -16.21   17.21   22.65       -16.26   17.22   22.67     0.052
  -19.19   -1.09   -4.53       -19.19   -1.09   -4.51     0.020
   21.87    7.09   55.68        21.81    7.08   55.68     0.064
    7.13   -8.40   19.27         7.13   -8.35   19.26     0.057
  -11.36   -6.90    6.87       -11.33   -6.88    6.86     0.036
  -10.91    0.29   15.63       -10.87    0.29   15.63     0.037
   -8.20   24.59   29.09        -8.20   24.68   29.15     0.103
  -37.00  -19.65  -13.19       -36.99  -19.66  -13.18     0.020
  -26.86  -31.82  -30.83       -26.85  -31.82  -30.83     0.013
   -4.06  -12.01  -40.97        -4.04  -11.99  -40.98     0.025
    3.26   -6.95   47.08         3.30   -6.81   47.09     0.147
   10.62   -9.99   11.84        10.63   -9.98   11.84     0.015
   -4.41  -24.34  -19.48        -4.42  -24.31  -19.49     0.030
  -15.25   -3.81  -47.25       -15.25   -3.79  -47.31     0.064
   35.12   15.39   -8.67        35.04   15.35   -8.67     0.089
   37.24   -1.64   -5.44        37.36   -1.74   -5.43     0.154
  -25.07   11.12  -20.28       -25.06   11.07  -20.28     0.050
    3.88   24.45   15.10         3.86   24.49   15.11     0.042
  -34.52    6.82  -22.08       -34.52    6.81  -22.06     0.024
   35.31   15.15   -0.87        35.24   15.12   -0.85     0.073
    6.61   -2.81   63.39         6.63   -2.83   63.36     0.042
    3.33  -16.65   -7.98         3.35  -16.68   -7.96     0.040
    1.43   23.65   26.28         1.44   23.73   26.31     0.093
   24.86   24.31    1.10        24.81   24.25    1.11     0.075
  -32.51  -12.56  -46.56       -32.53  -12.57  -46.62     0.062
    3.04   24.12   18.34         3.03   24.17   18.36     0.059
   -8.92   12.57   11.61        -8.98   12.59   11.60     0.071
   -6.88   -0.13   33.37        -6.90   -0.16   33.39     0.034
   -8.37    6.33  -32.17        -8.37    6.34  -32.15     0.022
    7.73   -6.72   42.20         7.74   -6.60   42.20     0.122
   22.14   18.31   29.72        22.15   18.31   29.73     0.014
   17.52  -10.60  -20.21        17.49  -10.66  -20.30     0.110
  -11.17   -9.32  -47.26       -11.16   -9.30  -47.29     0.038
  -24.65  -32.49  -29.29       -24.64  -32.51  -29.29     0.024
    1.89   17.59    2.70         1.88   17.60    2.71     0.018
  -12.58   10.42  -22.57       -12.59   10.42  -22.56     0.020
   24.79   16.14  -27.93        24.78   16.17  -27.93     0.037
   29.09   -2.90   16.04        29.13   -2.93   16.06     0.051
   10.11  -15.11    0.19        10.11  -15.18    0.23     0.076
   17.40   22.89   22.82        17.40   22.90   22.84     0.018
   27.04   -9.17  -23.45        27.07   -9.24  -23.53     0.112
   20.39   -8.29    9.31        20.42   -8.34    9.33     0.058
   22.24    9.78   51.55        22.22    9.76   51.56     0.027
  -37.46    4.96  -27.47       -37.49    4.98  -27.46     0.043
  -41.07   -0.86  -31.65       -41.12   -0.85  -31.64     0.050
    8.09   25.77    6.33         8.10   25.71    6.35     0.073
   -3.34   -4.31   50.67        -3.26   -4.27   50.68     0.089
    7.02   20.56   49.41         6.97   20.69   49.43     0.142
  -10.21    9.35  -23.10       -10.19    9.39  -23.09     0.041
   19.00   16.28   52.36        19.03   16.28   52.37     0.037
  -33.30  -14.04   -7.83       -33.27  -14.04   -7.88     0.059
   12.57   23.45  -12.18        12.62   23.35  -12.12     0.121
    6.15   19.13   -4.44         6.19   19.12   -4.40     0.061
  -39.94  -10.83  -33.96       -39.93  -10.83  -33.95     0.021
   -4.51   13.74   52.77        -4.62   13.80   52.80     0.132
   37.34    2.04    9.59        37.35    2.06    9.59     0.021
   18.94   25.49  -20.21        18.94   25.29  -20.19     0.196
  -11.55    7.77   17.00       -11.53    7.76   17.02     0.025
    2.66  -17.87  -11.33         2.68  -17.88  -11.32     0.020
   10.19   -6.67   51.09        10.17   -6.51   51.10     0.163
   19.47   -7.77  -23.44        19.47   -7.78  -23.52     0.089
   20.56   22.40   18.96        20.54   22.36   18.96     0.040
   31.08   15.93  -21.87        31.06   15.95  -21.86     0.037
    9.97   -6.82   52.82         9.96   -6.64   52.82     0.177
   10.41   20.48  -11.08        10.46   20.47  -11.03     0.066
   -5.90   -2.33   37.63        -5.91   -2.35   37.64     0.033
  -12.59  -25.38  -41.25       -12.58  -25.38  -41.27     0.020
   31.06   11.81   15.18        31.03   11.81   15.17     0.036
   23.54    7.67   43.73        23.50    7.66   43.73     0.041
   22.58  -11.99   -1.71        22.63  -12.04   -1.66     0.089
   -6.24  -12.58    1.56        -6.22  -12.57    1.56     0.018
    6.88   22.82   28.81         6.88   22.86   28.83     0.048
   24.62    2.14   35.12        24.58    2.17   35.11     0.050
    2.90   23.67   23.64         2.91   23.75   23.66     0.075
   13.67   -7.98   15.61        13.68   -7.97   15.61     0.013
   -3.60  -22.06  -15.91        -3.60  -22.03  -15.92     0.025
    9.83   20.71   -9.90         9.87   20.71   -9.85     0.064
  -19.20  -30.53  -16.52       -19.19  -30.50  -16.55     0.040
  -11.68    8.83  -32.35       -11.70    8.82  -32.33     0.026
   16.35   19.39  -30.66        16.34   19.43  -30.66     0.039
   11.30   19.70  -14.10        11.39   19.68  -14.05     0.103
  -34.95   -5.38  -43.73       -35.00   -5.36  -43.76     0.054
  -11.49  -14.07  -46.93       -11.48  -14.05  -46.96     0.034
   24.45   19.66  -25.56        24.43   19.69  -25.54     0.036
   16.08  -10.87    6.58        16.10  -10.92    6.61     0.058
    3.95    4.98   63.45         3.96    4.95   63.39     0.069
