200 PA4-E-Debug-Output.txt 0
    1.66   19.56   45.16         1.64   19.68   45.18     0.120
   23.58  -11.21   -0.97        23.56  -11.15   -0.99     0.064
   -5.42   -1.54   54.88        -5.35   -1.51   54.89     0.074
  -33.87    2.01  -40.16       -33.88    2.04  -40.17     0.035
   24.11  -14.99  -14.29        24.11  -15.00  -14.27     0.016
   28.33   18.09   13.82        28.38   18.12   13.86     0.075
   -4.61   13.43   54.28        -4.65   13.45   54.29     0.051
   11.45   17.61  -12.76        11.33   17.57  -12.79     0.129
   24.32   18.23   22.71        24.36   18.25   22.73     0.043
  -30.82    9.38  -21.73       -30.77    9.29  -21.76     0.104
    3.91    4.75   63.46         3.90    4.75   63.42     0.046
   12.47   27.21    4.06        12.43   27.35    4.09     0.149
   21.12   -2.96   35.10        21.05   -2.90   35.08     0.098
   26.65   13.27   24.16        26.52   13.19   24.13     0.149
  -11.03   -4.46  -46.14       -11.01   -4.46  -46.14     0.016
  -42.79  -16.76  -26.07       -42.89  -16.80  -26.06     0.107
  -27.90  -28.39  -14.60       -27.90  -28.34  -14.61     0.049
   23.39    6.84  -30.24        23.40    6.82  -30.25     0.021
  -43.35   -8.05  -29.21       -43.36   -8.04  -29.21     0.012
  -27.52  -28.93  -37.36       -27.52  -28.92  -37.35     0.015
  -32.91  -17.61  -44.33       -32.90  -17.59  -44.29     0.043
  -38.16    3.30  -21.42       -38.11    3.27  -21.43     0.054
  -39.81  -18.54  -16.60       -39.82  -18.53  -16.59     0.015
  -37.19  -10.90  -43.13       -37.15  -10.90  -43.10     0.058
   14.72   17.81  -30.83        14.69   17.75  -30.81     0.068
  -37.45  -11.51  -10.44       -37.46  -11.50  -10.44     0.011
   30.21   19.59  -18.70        30.17   19.54  -18.68     0.068
  -29.79    4.90  -40.15       -29.80    4.94  -40.19     0.054
   -7.63    5.58  -31.23        -7.60    5.59  -31.22     0.033
   40.38    2.78   -4.47        40.34    2.79   -4.47     0.040
   -3.80   -6.10   32.53        -3.86   -6.17   32.56     0.097
   16.07   19.04   53.43        16.08   19.06   53.43     0.019
  -38.55   -3.74  -13.84       -38.59   -3.71  -13.81     0.060
   25.65  -13.96  -14.91        25.67  -14.01  -14.89     0.053
   13.88   -5.26   59.97        13.96   -5.38   59.98     0.149
   13.32  -10.82    7.93        13.31  -10.79    7.93     0.030
   -9.45    5.83   26.56        -9.37    5.87   26.54     0.086
  -40.25  -17.07  -16.28       -40.21  -17.04  -16.29     0.045
   -8.32  -19.36  -43.36        -8.26  -19.38  -43.43     0.095
   -4.15   -4.85   34.46        -4.12   -4.82   34.47     0.044
   -1.41  -13.63  -36.65        -1.45  -13.63  -36.62     0.055
   30.99   -9.70  -14.50        30.92   -9.67  -14.49     0.077
  -24.83    8.15  -16.86       -24.82    8.18  -16.83     0.041
   29.24  -11.00  -12.76        29.22  -10.99  -12.75     0.020
  -37.00    1.99  -36.88       -37.10    2.10  -36.92     0.160
    3.77   -6.96   42.18         3.75   -7.07   42.19     0.109
  -21.45  -12.63  -49.04       -21.45  -12.63  -49.04     0.010
   -6.40    1.03   41.48        -6.37    1.04   41.49     0.026
   14.93   25.27   12.67        14.95   25.32   12.69     0.057
  -28.60  -31.46  -26.83       -28.63  -31.49  -26.82     0.042
   -4.02   17.45   10.20        -4.12   17.53   10.10     0.160
   22.10   -5.60   19.44        22.07   -5.52   19.44     0.082
  -14.40   22.40   25.08       -14.28   22.28   25.08     0.168
  -26.06    0.04  -45.76       -26.06    0.06  -45.79     0.032
   -5.37    8.11   62.58        -5.37    8.11   62.58     0.007
   23.28    6.77   45.64        23.46    6.76   45.68     0.183
    6.47   25.09    8.39         6.51   24.98    8.39     0.116
  -15.09    3.43   -4.77       -15.06    3.40   -4.77     0.047
  -10.43    6.13  -36.96       -10.47    6.06  -36.91     0.092
    5.91   23.76   21.93         5.92   23.69   21.92     0.070
   -6.71    4.06   59.82        -6.58    4.12   59.82     0.142
  -10.49  -25.93  -39.09       -10.45  -26.01  -39.13     0.091
   -0.55    0.27  -25.25        -0.56    0.26  -25.22     0.038
  -19.43   10.12  -36.09       -19.42   10.11  -36.07     0.023
   36.95   10.50    8.08        36.95   10.48    8.09     0.018
   -7.00   10.76   42.83        -7.18   10.77   42.89     0.187
    8.24   23.60   23.67         8.25   23.52   23.66     0.075
  -22.39    1.00  -45.69       -22.38    0.98  -45.67     0.024
  -15.81    7.63  -39.46       -15.81    7.61  -39.45     0.024
   23.04   16.23   31.29        23.11   16.26   31.31     0.075
  -28.38    7.08  -38.04       -28.37    7.08  -38.04     0.011
  -25.09  -22.09   -7.59       -25.09  -22.08   -7.59     0.011
    0.83   10.52   -8.94         0.86   10.45   -8.91     0.083
   22.20   20.49   22.67        22.26   20.54   22.69     0.086
   25.94   -9.34    2.90        25.94   -9.31    2.90     0.032
  -42.39  -13.88  -19.46       -42.45  -13.88  -19.44     0.067
   -9.64  -18.52  -44.48        -9.61  -18.54  -44.52     0.045
    3.95  -12.46    4.88         3.94  -12.46    4.89     0.010
   25.80   -1.18   26.01        25.75   -1.14   26.01     0.055
   21.15   16.42   39.59        21.14   16.40   39.60     0.026
  -29.99  -30.27  -21.23       -29.97  -30.21  -21.23     0.062
    7.47   -3.93   63.41         7.46   -3.92   63.35     0.061
  -35.15  -13.99   -8.63       -35.12  -13.98   -8.65     0.033
   28.49   -8.64    3.54        28.41   -8.45    3.48     0.210
  -29.34  -30.86  -30.34       -29.40  -30.97  -30.35     0.126
  -32.26    3.85  -39.31       -32.29    3.89  -39.35     0.057
   26.24   17.88   17.99        26.22   17.86   17.99     0.027
   29.73   15.03   14.85        29.77   15.04   14.89     0.055
   23.03   11.70   43.49        23.10   11.71   43.51     0.070
   -0.43   17.50   53.85        -0.44   17.53   53.85     0.027
   -4.42  -26.12  -26.24        -4.33  -26.25  -26.25     0.165
  -19.94  -15.01  -48.62       -19.93  -15.04  -48.69     0.081
   38.90   10.12    2.52        38.83   10.06    2.53     0.091
    0.87   -5.45  -27.19         0.96   -5.40  -27.25     0.113
   -6.51    9.26   59.46        -6.27    9.19   59.47     0.242
  -11.98    8.18  -35.26       -11.96    8.21  -35.27     0.045
   15.80   21.26  -29.72        15.80   21.26  -29.74     0.027
   24.49    6.57  -30.36        24.51    6.54  -30.45     0.094
   -0.15   12.53   -3.45        -0.09   12.40   -3.39     0.158
   12.82   20.50   57.42        12.82   20.48   57.42     0.018
   -7.55    7.66   38.17        -7.77    7.62   38.17     0.223
   10.59    7.25   62.93        10.59    7.25   62.98     0.046
   20.55   10.67   61.83        20.63   10.69   61.86     0.089
  -27.91   -4.61  -47.53       -27.94   -4.57  -47.59     0.085
   17.89   -3.00   51.98        17.87   -2.99   51.99     0.023
  -39.84  -16.86  -34.58       -39.85  -16.85  -34.58     0.016
  -15.55  -21.10   -8.38       -15.59  -21.03   -8.47     0.119
   -7.44    3.34   32.19        -7.49    3.34   32.20     0.056
   31.57   19.50  -10.27        31.55   19.46  -10.27     0.043
   29.17   16.79   14.10        29.18   16.78   14.11     0.015
  -25.54  -27.48  -12.44       -25.55  -27.52  -12.40     0.059
  -26.41  -13.81   -6.27       -26.41  -13.81   -6.24     0.022
   19.57   -8.33  -23.12        19.58   -8.32  -23.09     0.036
  -39.94    1.87  -27.71       -40.00    1.92  -27.71     0.078
  -10.47  -23.47  -41.85       -10.50  -23.43  -41.80     0.074
   12.04   17.32  -22.29        11.99   17.29  -22.27     0.059
  -25.84  -27.52  -12.53       -25.85  -27.61  -12.46     0.115
  -26.06    7.88  -38.01       -26.04    7.85  -37.98     0.043
  -24.60    9.78  -35.60       -24.55    9.70  -35.57     0.094
    0.54  -18.92  -12.78         0.53  -18.89  -12.77     0.027
   28.65   18.15  -22.76        28.70   18.16  -22.79     0.056
   -5.66  -19.89  -10.34        -5.70  -19.84  -10.40     0.086
   -9.35    8.07  -12.58        -9.34    8.05  -12.58     0.021
   20.52   -6.59  -24.01        20.52   -6.62  -24.03     0.034
  -16.92  -32.34  -26.89       -16.92  -32.35  -26.88     0.021
   22.47   10.87   48.28        22.36   10.83   48.27     0.126
   -6.38    3.30  -32.32        -6.24    3.35  -32.32     0.153
   -6.35   10.33    2.21        -6.35   10.32    2.22     0.011
  -38.08  -17.10  -40.01       -38.01  -17.05  -39.95     0.103
    1.67   18.65   51.87         1.69   18.58   51.86     0.068
   21.49    1.78   50.83        21.45    1.79   50.83     0.040
   11.79   26.19   10.45        11.79   26.22   10.47     0.039
    6.97   -6.79   40.77         6.96   -6.80   40.77     0.014
   11.49   26.90    1.33        11.47   26.95    1.33     0.060
  -39.15   -0.61  -36.09       -39.18   -0.59  -36.11     0.044
   36.69    7.37  -15.22        36.71    7.35  -15.21     0.028
   17.31   21.52   35.54        17.32   21.53   35.55     0.020
   38.87    2.73    7.65        38.86    2.72    7.66     0.018
  -24.48  -18.51   -6.48       -24.47  -18.50   -6.51     0.037
   11.22   21.47   45.16        11.23   21.48   45.17     0.007
  -27.52   10.55  -21.33       -27.56   10.69  -21.29     0.146
  -20.17  -14.68  -47.99       -20.14  -14.68  -47.98     0.027
   14.29   -6.56   25.15        14.35   -6.43   25.06     0.170
   31.55    1.76  -26.27        31.52    1.74  -26.23     0.050
  -10.46   -7.17    7.97       -10.53   -7.23    8.02     0.103
  -12.00  -17.94   -7.01       -12.01  -17.91   -7.03     0.032
   29.79   -9.23   -1.07        29.69   -9.09   -1.08     0.172
  -15.73   20.37   24.54       -15.53   20.27   24.58     0.236
   -1.76    1.22  -26.14        -1.75    1.22  -26.13     0.010
   15.81   11.98  -27.69        15.79   11.94  -27.69     0.041
   -7.09    4.83   58.31        -7.12    4.83   58.32     0.030
  -20.71  -13.09   -4.92       -20.71  -13.08   -4.93     0.016
   23.66   20.47   18.65        23.57   20.37   18.61     0.139
   31.14   15.82   12.39        31.08   15.75   12.36     0.098
   30.66    7.06   18.23        30.74    7.06   18.28     0.096
  -25.23  -30.48  -35.54       -25.25  -30.53  -35.56     0.048
  -16.37   10.98  -32.80       -16.33   11.06  -32.82     0.085
   -7.25  -21.96  -11.93        -7.24  -21.99  -11.90     0.044
   36.79   -2.32    2.84        36.75   -2.30    2.85     0.045
  -22.97   -0.63   -9.34       -22.93   -0.66   -9.38     0.065
   -9.58  -28.57  -32.94        -9.49  -28.72  -32.95     0.177
   11.37   12.32   63.13        11.36   12.32   63.07     0.063
  -13.69   22.22   21.53       -13.73   22.25   21.51     0.056
  -26.93    9.19  -35.29       -26.92    9.17  -35.28     0.026
   14.04    9.77   63.15        14.03    9.77   63.11     0.036
  -27.26   11.26  -24.71       -27.22   11.19  -24.71     0.080
  -29.55  -24.37  -42.10       -29.58  -24.41  -42.14     0.061
  -30.44  -23.89  -42.10       -30.45  -23.90  -42.10     0.011
  -10.79   18.39   37.04       -10.82   18.41   37.07     0.039
  -13.64  -31.24  -29.18       -13.67  -31.18  -29.16     0.071
   14.66  -13.92  -16.68        14.66  -13.95  -16.68     0.031
   -9.92  -18.57  -44.68        -9.88  -18.59  -44.73     0.070
   28.48   20.59  -20.50        28.55   20.65  -20.54     0.094
   36.45    4.44  -16.56        36.38    4.43  -16.53     0.068
   -6.71    2.44   57.59        -6.70    2.45   57.60     0.016
  -24.05  -15.46   -6.10       -24.05  -15.45   -6.12     0.015
  -22.69  -11.55  -49.36       -22.69  -11.55  -49.35     0.012
   37.64   12.13    3.83        37.54   12.06    3.84     0.119
    7.29   23.90   21.36         7.29   23.90   21.37     0.010
   30.73    1.14  -27.60        30.69    1.12  -27.56     0.055
   -7.35   24.21   30.80        -7.35   24.25   30.81     0.033
   27.79   22.57    1.52        27.79   22.55    1.53     0.023
   21.52   24.17  -23.18        21.50   24.11  -23.15     0.072
   -6.89   18.52   13.28        -6.92   18.56   13.22     0.078
   16.35   -5.21   42.07        16.33   -5.17   42.08     0.048
   -7.55   21.41   36.51        -7.51   21.32   36.44     0.123
   -7.02    6.86  -25.17        -7.01    6.87  -25.17     0.022
   -2.93   23.80   18.88        -2.92   23.95   18.85     0.148
   -8.53   24.46   22.01        -8.52   24.25   22.07     0.226
    0.40   20.13   42.60         0.39   20.17   42.61     0.038
   35.28   -3.65    0.37        35.32   -3.42    0.52     0.275
   18.77   25.98  -10.11        18.79   26.13  -10.13     0.152
  -14.96   15.04   31.75       -14.89   15.07   31.71     0.086
   -5.66  -24.56  -34.78        -5.66  -24.56  -34.78     0.012
   -6.27  -27.28  -25.08        -6.30  -27.25  -25.08     0.039
   25.44   23.76  -16.31        25.48   23.80  -16.31     0.064
  -18.68  -17.92   -6.33       -18.69  -17.93   -6.31     0.021
  -16.04    7.48  -39.78       -16.01    7.55  -39.82     0.089
   -9.25  -29.23  -24.71        -9.30  -29.17  -24.71     0.073
  -25.67  -23.05  -44.29       -25.68  -23.10  -44.34     0.075
