200 PA4-K-Unknown-Output.txt 0
   16.22   21.50   38.23        16.18   21.32   38.25     0.189
  -32.20    7.34  -18.61       -32.20    7.35  -18.61     0.014
  -22.53    2.60  -44.40       -22.52    2.57  -44.34     0.068
   20.02   15.55   48.94        20.04   15.56   48.96     0.030
   -2.44   -6.70  -35.00        -2.41   -6.69  -34.99     0.031
  -37.15   -0.44  -39.18       -37.08   -0.47  -39.14     0.083
  -19.94  -31.77  -34.17       -19.92  -31.84  -34.20     0.081
  -34.99    1.52  -13.44       -35.04    1.56  -13.37     0.097
   29.96   -7.94    5.49        29.95   -7.87    5.49     0.069
   37.52   11.54   -6.27        37.59   11.58   -6.28     0.087
   11.38   20.52   58.76        11.37   20.46   58.76     0.070
   21.89  -15.74  -14.23        21.89  -15.72  -14.22     0.020
   24.12   23.01  -22.19        24.11   23.00  -22.16     0.030
   -5.86  -13.52  -42.90        -5.89  -13.50  -42.85     0.059
   27.15   19.12   14.29        27.10   19.07   14.26     0.081
    0.73  -18.55  -11.24         0.74  -18.58  -11.22     0.042
    3.32   -7.36   60.97         3.32   -7.32   60.97     0.036
    4.78   20.40   43.17         4.76   20.54   43.20     0.146
    0.91  -18.74  -24.30         0.86  -18.71  -24.28     0.061
   -9.64    7.37   -6.06        -9.62    7.33   -6.05     0.044
   10.47    5.91   62.89        10.47    5.91   62.85     0.040
   24.11   24.59   -5.53        24.12   24.60   -5.52     0.020
  -26.84    9.23  -35.24       -26.83    9.19  -35.21     0.051
   -7.03    6.70   59.42        -6.88    6.69   59.42     0.150
    1.72  -18.81  -22.10         1.80  -18.85  -22.12     0.088
   -4.20  -17.32   -7.11        -4.20  -17.28   -7.12     0.037
  -28.42  -23.02  -43.73       -28.42  -23.03  -43.75     0.020
   -5.33  -24.13  -35.02        -5.30  -24.14  -35.03     0.037
   11.14   20.69   55.71        11.14   20.73   55.72     0.048
  -16.44   -8.90   -0.53       -16.41   -8.88   -0.56     0.042
   -6.65    8.35   55.57        -6.69    8.36   55.57     0.045
    5.96  -12.39    6.77         5.97  -12.29    6.78     0.099
   12.20  -10.81    8.75        12.21  -10.84    8.77     0.037
  -30.95  -20.44   -8.60       -30.96  -20.45   -8.57     0.023
   34.49   -4.57    8.02        34.54   -4.62    8.05     0.083
   15.95   11.38  -26.92        15.90   11.34  -26.93     0.066
   -3.02   -9.52   18.52        -3.03   -9.53   18.53     0.015
  -13.93   -6.24  -47.73       -13.92   -6.23  -47.75     0.028
   -7.69   24.17   30.51        -7.70   24.22   30.53     0.046
   -3.87  -11.18  -40.89        -3.85  -11.17  -40.89     0.016
  -32.44  -17.63   -8.60       -32.46  -17.64   -8.55     0.057
  -24.78    6.48  -40.61       -24.78    6.50  -40.62     0.023
    1.16  -10.38   16.16         1.16  -10.35   16.16     0.039
   -5.15   16.91   10.93        -5.21   16.97   10.88     0.102
   22.18   25.07  -14.99        22.15   24.91  -14.97     0.163
   -2.09  -22.41  -31.33        -2.05  -22.42  -31.33     0.050
   15.35   21.69   37.07        15.35   21.71   37.08     0.022
   -6.60  -27.41  -24.23        -6.81  -27.42  -24.16     0.233
    7.16   -5.78  -23.00         7.20   -5.76  -23.07     0.073
   27.80   -3.08   18.09        27.90   -3.19   18.16     0.162
   27.84   11.64   22.07        27.81   11.63   22.08     0.034
  -14.07  -26.56  -12.89       -14.04  -26.66  -12.85     0.108
   27.39   22.16  -18.51        27.43   22.20  -18.51     0.058
  -36.50   -6.40  -42.72       -36.49   -6.40  -42.71     0.021
  -11.86  -30.30  -23.19       -11.80  -30.40  -23.17     0.115
   22.57   25.03  -13.83        22.58   25.05  -13.82     0.026
   20.53  -12.39  -20.77        20.46  -12.44  -20.83     0.102
   18.94  -17.16   -8.41        18.94  -17.16   -8.40     0.010
   25.65   -4.74   17.10        25.70   -4.84   17.15     0.119
   -6.01  -24.73  -17.57        -6.02  -24.72  -17.58     0.017
  -34.76    4.47  -36.18       -34.79    4.53  -36.20     0.067
    4.16  -13.63   -0.22         4.15  -13.67   -0.20     0.051
  -21.36  -11.18  -49.59       -21.34  -11.17  -49.64     0.054
  -15.56  -17.10   -5.72       -15.56  -17.10   -5.71     0.015
   15.54   21.31   41.37        15.58   21.40   41.39     0.099
    8.39   -6.69   34.98         8.37   -6.59   34.98     0.101
  -35.67  -12.83  -44.95       -35.71  -12.85  -45.01     0.069
   11.64   21.99   35.41        11.70   21.58   35.40     0.415
    7.61   18.80   61.50         7.62   18.86   61.56     0.084
  -30.50  -14.33   -6.71       -30.52  -14.37   -6.61     0.111
  -22.33  -11.41   -4.67       -22.34  -11.40   -4.64     0.032
  -24.66  -31.12  -34.46       -24.67  -31.16  -34.48     0.045
   -4.27   18.54   42.10        -4.26   18.53   42.11     0.015
  -35.51  -25.19  -35.03       -35.49  -25.16  -35.03     0.028
   -8.44  -24.71  -38.53        -8.41  -24.73  -38.55     0.038
   33.82   -5.31    0.45        33.84   -5.32    0.46     0.024
   -0.98  -18.38  -34.54        -0.90  -18.39  -34.57     0.090
  -27.88    2.94  -13.42       -27.87    2.94  -13.43     0.010
    0.28   -6.26  -28.29         0.29   -6.25  -28.28     0.011
   23.38    8.78   44.45        23.49    8.79   44.48     0.113
    0.61   -6.75   56.07         0.62   -6.71   56.07     0.036
  -18.97   -4.28  -47.87       -18.95   -4.26  -47.90     0.042
    5.29  -10.51  -23.73         5.34  -10.53  -23.76     0.059
   -3.83   -4.71  -39.17        -3.84   -4.71  -39.15     0.015
   14.74  -14.23    0.90        14.74  -14.21    0.90     0.019
    2.99   -6.94   48.96         2.98   -6.98   48.97     0.044
  -23.12  -11.14  -49.28       -23.11  -11.16  -49.35     0.069
   40.56    3.53   -4.26        40.48    3.53   -4.25     0.081
    9.75   25.66   11.53         9.76   25.69   11.55     0.041
   35.65   -1.42  -18.67        35.66   -1.42  -18.66     0.019
   33.06   17.21    6.82        33.02   17.19    6.82     0.043
   19.21   25.62    7.38        19.19   25.54    7.37     0.087
  -26.40  -14.32  -47.88       -26.40  -14.32  -47.93     0.049
   -3.40   -4.27   51.05        -3.43   -4.29   51.06     0.039
   29.14  -10.15   -4.74        29.14  -10.15   -4.73     0.012
   12.00   17.97  -21.02        12.03   17.98  -21.01     0.027
    7.00   20.20   -5.34         6.88   20.25   -5.40     0.144
   -0.99   -7.89   28.18        -0.98   -7.78   28.17     0.102
   -3.76   -5.27   34.93        -3.89   -5.39   34.94     0.176
    0.90  -11.53    9.08         0.92  -11.47    9.09     0.061
  -39.47   -3.36  -37.61       -39.54   -3.33  -37.65     0.092
   20.80  -13.40   -2.36        20.77  -13.34   -2.39     0.076
  -14.61   -9.99  -48.28       -14.61   -9.98  -48.26     0.024
    4.47   18.60   62.11         4.50   18.51   62.04     0.126
  -37.24    5.22  -25.91       -37.28    5.28  -25.90     0.076
   20.25    2.96  -25.80        20.25    2.97  -25.80     0.010
  -35.71    6.51  -25.42       -35.65    6.46  -25.42     0.073
   -6.95  -23.58  -14.57        -6.92  -23.64  -14.52     0.081
   -4.48   13.68   54.12        -4.72   13.82   54.14     0.278
   -3.55  -20.44  -36.82        -3.55  -20.43  -36.82     0.013
   36.69   13.07   -5.24        36.69   13.06   -5.22     0.015
    0.17  -17.51  -29.23         0.11  -17.49  -29.21     0.059
   -6.94    7.10   50.67        -6.75    7.06   50.67     0.196
   -7.70   23.74   32.70        -7.71   23.80   32.73     0.075
  -15.85    8.84  -37.86       -15.83    8.87  -37.88     0.046
  -16.58   11.40  -31.59       -16.54   11.47  -31.60     0.082
   14.53   -5.90   32.71        14.50   -5.77   32.72     0.133
   -4.12  -17.89   -8.30        -4.11  -17.96   -8.27     0.073
   -8.64  -19.21  -43.63        -8.64  -19.20  -43.63     0.012
  -38.90   -0.94  -37.03       -38.77   -1.00  -36.96     0.151
  -16.97   10.35  -20.64       -16.98   10.33  -20.64     0.020
  -11.48   -0.03   13.75       -11.32    0.03   13.70     0.169
   -6.86    0.24   34.32        -6.53    0.31   34.29     0.339
   13.08   27.37    0.81        13.07   27.31    0.83     0.063
  -32.87    1.50  -13.07       -32.86    1.52  -12.99     0.078
   27.42    8.26   26.04        27.42    8.26   26.05     0.015
   20.63  -11.97    0.13        20.71  -12.09    0.21     0.162
   36.51    7.27  -16.49        36.52    7.27  -16.48     0.016
  -26.53  -21.02  -45.97       -26.52  -21.00  -45.96     0.022
  -25.48  -28.29  -13.61       -25.47  -28.27  -13.61     0.022
   -6.62   -2.48   32.40        -6.66   -2.49   32.41     0.043
    1.32   -6.88   53.79         1.38   -6.70   53.81     0.195
   16.65  -10.65  -19.88        16.62  -10.74  -19.98     0.132
  -13.09   15.50   17.45       -13.11   15.49   17.43     0.027
  -27.94  -26.61  -40.34       -27.96  -26.69  -40.41     0.108
   38.38   10.86   -3.55        38.38   10.86   -3.54     0.015
  -20.73  -24.33   -9.09       -20.73  -24.33   -9.07     0.025
   18.35   21.76   29.58        18.42   21.88   29.60     0.137
   -0.47   -6.41   38.82        -0.46   -6.39   38.83     0.026
   13.92   22.68  -27.75        13.90   22.74  -27.76     0.067
   -7.69    6.42   35.23        -7.73    6.40   35.24     0.038
   -6.29    5.71  -26.40        -6.29    5.71  -26.39     0.011
   29.70   17.04   13.11        29.67   17.02   13.10     0.043
   34.33   -6.10  -13.69        34.25   -6.04  -13.68     0.099
   -5.64    9.10   -4.82        -5.57    8.97   -4.79     0.154
  -11.33    9.99   30.31       -11.32   10.01   30.31     0.027
  -39.06  -20.40  -34.80       -39.10  -20.42  -34.82     0.043
   11.16   -6.36  -21.87        11.16   -6.39  -21.96     0.100
   20.56   -7.23  -23.73        20.56   -7.23  -23.72     0.011
   13.97   22.55  -24.54        13.96   22.57  -24.53     0.025
   -5.04    2.20  -29.64        -5.09    2.17  -29.60     0.066
   13.40   24.07   19.77        13.41   24.10   19.78     0.034
   11.95   -6.30   60.91        11.96   -6.34   60.92     0.048
  -35.93    1.79  -38.51       -35.89    1.77  -38.48     0.051
   39.30    9.19   -0.43        39.28    9.18   -0.41     0.029
  -28.85    9.82  -20.47       -28.82    9.78  -20.48     0.046
  -35.57    1.37  -39.38       -35.53    1.34  -39.35     0.060
  -24.73   -9.00  -49.21       -24.73   -8.98  -49.23     0.027
  -19.07    3.61  -10.73       -19.09    3.64  -10.71     0.044
   -4.64    2.96  -28.01        -4.65    2.95  -27.99     0.026
    6.58   -9.07   17.65         6.58   -9.07   17.66     0.009
    0.34   -6.44   46.62         0.37   -6.36   46.63     0.086
  -19.88   -0.21   -6.34       -19.79   -0.26   -6.39     0.114
   26.50   23.32  -10.82        26.48   23.27  -10.80     0.058
   -6.13    0.36   46.45        -6.23    0.33   46.46     0.101
   -6.39    2.73  -35.60        -7.00    3.08  -36.07     0.847
   24.05   16.13   27.53        23.96   16.08   27.52     0.100
   16.74    9.22  -24.30        16.65    9.20  -24.31     0.097
   -8.10  -20.67   -9.87        -8.12  -20.63   -9.92     0.060
    8.26   -6.79   47.92         8.26   -6.88   47.93     0.090
   20.58   18.43   35.61        20.37   18.30   35.58     0.247
   14.05   23.45  -20.18        14.08   23.42  -20.16     0.052
   33.06   -2.51   12.39        32.95   -2.42   12.30     0.170
  -22.26   -4.14  -47.54       -22.27   -4.11  -47.59     0.065
   22.93   16.12   32.07        22.95   16.14   32.09     0.034
  -18.27  -16.47  -47.85       -18.25  -16.49  -47.92     0.072
  -11.83    2.67   14.86       -11.63    2.69   14.83     0.198
  -38.60  -16.38  -13.22       -38.52  -16.34  -13.26     0.097
  -17.52  -28.57  -14.28       -17.52  -28.55  -14.28     0.015
   21.23   -5.73   20.93        21.20   -5.63   20.93     0.103
    4.28   -0.20  -22.66         4.29   -0.19  -22.67     0.019
   19.74    6.32  -27.27        19.70    6.31  -27.29     0.051
  -14.94  -12.03  -48.51       -14.92  -12.02  -48.53     0.032
  -12.48    9.01  -33.28       -12.45    9.07  -33.29     0.068
   -4.68   13.05   55.05        -4.74   13.07   55.07     0.064
   -7.01    6.67   53.94        -6.85    6.64   53.94     0.162
   13.99  -16.22   -2.01        13.99  -16.18   -2.01     0.045
  -24.13    0.35  -11.25       -24.12    0.35  -11.25     0.008
  -19.55    0.17   -6.23       -19.58    0.19   -6.21     0.043
   34.86   11.38  -17.69        34.90   11.39  -17.68     0.042
  -21.36    7.04  -40.07       -21.36    7.02  -40.04     0.040
  -14.97   14.81   31.61       -14.97   14.81   31.62     0.011
  -31.63    4.72  -39.14       -31.63    4.73  -39.14     0.013
  -14.32   13.73   31.98       -14.36   13.72   32.01     0.052
   -8.25   13.71   11.53        -8.30   13.74   11.49     0.073
  -39.59  -22.01  -21.52       -39.47  -21.92  -21.54     0.152
   22.10    7.95   53.44        21.86    7.94   53.41     0.244
  -36.32   -3.28  -41.92       -36.28   -3.28  -41.87     0.062
   30.69   20.49    0.81        30.72   20.52    0.82     0.048
  -31.75    8.16  -19.77       -31.69    8.11  -19.78     0.078
