200 PA4-J-Unknown-Output.txt 0
   11.08   22.30   33.36        11.07   22.25   33.35     0.045
    7.20   13.66   -8.94         7.21   13.64   -8.90     0.043
  -11.41    6.95  -36.87       -11.41    6.95  -36.88     0.008
  -22.26   10.68  -34.73       -22.29   10.77  -34.75     0.094
   -3.61  -20.11  -11.78        -3.64  -20.06  -11.81     0.071
   -3.05    4.14  -24.32        -3.06    4.14  -24.32     0.011
   31.84   19.19   -8.95        31.81   19.17   -8.95     0.040
  -22.65  -14.83   -6.07       -22.65  -14.83   -6.10     0.035
    0.48   -6.43   50.93         0.50   -6.36   50.93     0.072
  -17.03    1.30   -2.32       -16.99    1.26   -2.33     0.061
   16.39   -4.48   51.47        16.38   -4.47   51.47     0.022
   23.75  -13.27   -4.26        23.74  -13.27   -4.26     0.009
  -27.89  -28.33  -14.46       -27.91  -28.37  -14.44     0.051
  -14.43  -16.21  -47.43       -14.44  -16.24  -47.49     0.061
   24.88   16.33   24.57        24.98   16.39   24.60     0.120
  -16.90   -1.01  -46.96       -16.91   -1.01  -46.97     0.011
  -41.34  -17.07  -18.90       -41.30  -17.05  -18.91     0.043
   18.39   23.37   18.07        18.37   23.30   18.05     0.077
    4.78   24.45   16.04         4.77   24.49   16.04     0.043
   34.14    8.19  -21.97        34.07    8.18  -21.94     0.082
  -39.58  -21.98  -30.54       -39.55  -21.96  -30.54     0.031
   19.47    6.48  -26.82        19.51    6.50  -26.80     0.043
   14.27   22.54   32.70        14.27   22.37   32.69     0.173
   31.12   16.80   11.39        31.10   16.79   11.37     0.028
  -10.76    6.84    3.95       -10.93    7.03    3.91     0.260
   -4.41  -24.58  -19.99        -4.36  -24.64  -19.96     0.081
   39.37    8.92    0.28        39.41    8.93    0.28     0.042
    1.08   18.59   51.20         1.00   18.85   51.25     0.274
  -31.26    7.02  -16.64       -31.23    6.97  -16.67     0.065
  -24.42   10.56  -33.54       -24.42   10.52  -33.53     0.041
  -23.85  -18.18   -6.35       -23.86  -18.18   -6.33     0.023
   21.42   -8.29    8.30        21.38   -8.19    8.27     0.105
   -6.36  -17.88   -7.18        -6.30  -17.99   -7.11     0.143
   12.62   14.74   63.09        12.61   14.74   63.14     0.053
    9.21   25.95    8.55         9.23   25.89    8.54     0.068
  -33.04    2.07  -40.66       -33.05    2.07  -40.67     0.011
    9.64  -10.09  -21.79         9.63  -10.07  -21.77     0.032
   12.17   -8.47   14.92        12.19   -8.58   14.95     0.114
   -9.21   15.16   38.63        -9.11   15.18   38.55     0.129
   11.35  -11.43    7.56        11.34  -11.43    7.55     0.011
    1.98   -4.60  -25.84         1.99   -4.59  -25.87     0.028
   14.72   -1.87   63.05        14.72   -1.87   63.11     0.058
    0.32   -9.18  -29.18         0.32   -9.18  -29.19     0.007
   21.99    4.75   52.69        22.08    4.74   52.70     0.085
   -0.61   -1.73  -26.75        -0.61   -1.72  -26.77     0.019
  -29.16  -30.66  -31.75       -29.13  -30.56  -31.74     0.104
  -21.26  -18.74  -47.46       -21.27  -18.72  -47.40     0.063
   -0.80   17.32   53.40        -0.75   17.24   53.39     0.089
   40.05    4.96   -0.50        40.08    4.95   -0.50     0.028
   -8.57    9.16    4.59        -8.56    9.15    4.60     0.016
  -16.85    1.13  -45.68       -16.85    1.10  -45.64     0.046
    1.08   19.04   48.17         1.08   19.06   48.17     0.030
  -26.15    9.53  -34.95       -26.17    9.55  -34.96     0.024
    1.57   -7.00   54.28         1.55   -7.04   54.27     0.040
  -16.44   16.74   22.62       -16.56   16.80   22.61     0.134
   -9.01   -2.58   20.28        -9.10   -2.59   20.29     0.085
   -5.11  -24.22  -34.34        -5.13  -24.22  -34.34     0.013
   -4.65   -5.99   30.35        -4.57   -5.88   30.32     0.143
   16.96   22.94  -27.28        16.95   22.93  -27.28     0.017
  -39.86   -1.81  -35.72       -39.70   -1.86  -35.65     0.182
   12.61  -17.12   -7.70        12.59  -17.14   -7.70     0.031
  -22.32    8.49  -38.15       -22.32    8.40  -38.10     0.105
   14.87   -5.68   42.49        14.85   -5.66   42.49     0.025
   10.63  -13.92    2.65        10.62  -14.02    2.69     0.102
   -6.90    4.37   50.55        -6.93    4.37   50.55     0.027
  -25.95  -22.09   -7.55       -25.97  -22.12   -7.52     0.049
  -27.07  -11.13   -6.62       -27.08  -11.14   -6.66     0.039
  -10.89   23.74   21.05       -10.86   23.61   21.08     0.138
   -3.87   -5.07   36.67        -3.75   -4.94   36.65     0.178
   23.73   18.14   24.64        23.75   18.16   24.64     0.027
    9.18  -13.06  -19.28         9.14  -13.00  -19.23     0.089
   36.58   -1.70  -15.96        36.63   -1.72  -15.99     0.061
   19.91    0.93  -24.50        19.91    0.93  -24.50     0.004
  -42.17  -14.05  -28.44       -42.09  -14.07  -28.38     0.107
   33.70   14.88  -16.34        33.78   14.92  -16.39     0.105
   28.72  -11.87  -14.72        28.68  -11.83  -14.73     0.051
   17.63  -15.37  -15.80        17.62  -15.37  -15.81     0.012
   38.02    4.18    8.69        37.99    4.18    8.66     0.042
  -27.52    6.78  -38.78       -27.53    6.78  -38.78     0.007
   27.67    9.33   24.75        27.57    9.32   24.72     0.103
  -38.33  -18.69  -38.18       -38.43  -18.74  -38.23     0.123
  -16.05   10.79  -21.84       -16.06   10.82  -21.83     0.034
   30.49   -2.66  -26.14        30.48   -2.67  -26.07     0.066
  -26.06  -27.21  -12.11       -26.07  -27.31  -12.04     0.119
   -3.71  -23.22  -17.99        -3.70  -23.25  -17.99     0.040
   -1.20   -5.91   56.49        -1.14   -5.78   56.49     0.142
   30.23   -4.74  -26.01        30.24   -4.75  -26.03     0.022
   14.89   22.96  -27.61        14.88   22.95  -27.60     0.013
  -31.91  -18.69   -8.57       -31.92  -18.69   -8.57     0.010
   36.01   -2.75    8.60        35.98   -2.74    8.57     0.043
   17.95  -16.79  -12.95        17.96  -16.73  -12.93     0.066
  -31.37  -29.30  -32.83       -31.38  -29.29  -32.83     0.012
   14.77   22.16   34.85        14.76   22.02   34.81     0.140
   -5.84   17.24   11.86        -5.84   17.23   11.87     0.006
    5.11    7.17  -16.08         5.14    7.25  -16.17     0.121
   33.75   16.54   -3.78        33.78   16.57   -3.78     0.031
    6.39   -8.04   22.35         6.39   -8.06   22.35     0.019
  -28.99  -21.77   -8.21       -29.00  -21.78   -8.20     0.019
    8.65   24.49   18.10         8.66   24.38   18.08     0.112
  -24.25    7.36  -16.09       -24.26    7.37  -16.09     0.008
   24.07    6.89  -30.41        24.08    6.89  -30.35     0.061
  -38.03  -20.28  -37.09       -38.06  -20.29  -37.10     0.033
    0.04   24.03   22.99         0.04   24.08   22.99     0.043
   27.10   -8.91    4.03        27.09   -8.84    4.01     0.074
  -35.21    0.89  -13.26       -35.24    0.91  -13.24     0.036
   -7.00   24.86   28.01        -6.99   25.11   28.07     0.253
   29.05    6.91   21.69        29.04    6.91   21.69     0.004
   16.21   20.97   42.06        16.12   20.77   42.05     0.223
  -14.98   16.47   32.70       -14.93   16.49   32.67     0.062
    3.05  -15.58  -23.57         3.13  -15.63  -23.62     0.112
   -5.16   -2.02   56.49        -5.24   -2.07   56.48     0.095
   -2.00  -18.05  -36.50        -2.06  -18.02  -36.48     0.074
   28.03  -10.86   -3.30        28.07  -10.92   -3.29     0.075
   17.92   25.31  -18.49        17.92   25.27  -18.49     0.042
   15.05  -12.58  -18.24        15.04  -12.57  -18.23     0.019
   -2.89   23.86   29.57        -2.89   23.86   29.56     0.009
   32.56   -5.31  -22.59        32.60   -5.34  -22.62     0.063
   -0.62  -18.59  -33.45        -0.55  -18.61  -33.45     0.065
   21.16    2.96   55.86        20.91    3.00   55.83     0.247
  -12.17    9.62  -28.03       -12.16    9.64  -28.04     0.021
  -13.20    8.13  -37.01       -13.19    8.16  -37.03     0.029
   21.02   25.22  -17.51        21.02   25.24  -17.52     0.016
   -2.25    4.37  -23.47        -2.24    4.42  -23.51     0.068
   10.64    7.63   62.96        10.63    7.63   62.96     0.008
   -4.75   17.21   10.77        -4.72   17.18   10.81     0.060
   -5.53  -20.38  -39.61        -5.56  -20.37  -39.60     0.031
   21.04    0.78   50.78        21.08    0.76   50.79     0.045
    2.51   21.34   36.41         2.51   21.35   36.42     0.017
    4.67    4.64   63.40         4.67    4.64   63.41     0.007
   -1.51   23.86   28.52        -1.53   23.81   28.51     0.052
  -29.38  -21.57   -8.31       -29.39  -21.57   -8.32     0.009
   31.14   19.97  -12.06        31.19   20.02  -12.07     0.066
  -26.70   -5.22   -8.42       -26.69   -5.25   -8.46     0.050
   -2.32   -7.50  -37.49        -2.37   -7.51  -37.48     0.056
   13.16   14.86  -22.48        13.12   14.84  -22.47     0.052
    9.39   19.55   -9.81         9.47   19.51   -9.75     0.106
   16.95   20.89   40.38        16.93   20.87   40.37     0.025
   32.30   -6.83    1.26        32.34   -6.89    1.26     0.077
   14.94  -16.65  -11.58        14.88  -16.82  -11.65     0.188
    6.97   -6.79   42.34         6.98   -6.91   42.33     0.119
  -41.64   -8.61  -16.19       -41.63   -8.61  -16.20     0.010
  -41.10  -16.06  -30.88       -41.14  -16.05  -30.90     0.051
   -8.49    6.58  -30.82        -8.46    6.61  -30.83     0.052
   -6.00   -0.44   42.16        -5.91   -0.59   42.32     0.236
   25.57  -13.40   -9.80        25.61  -13.46   -9.79     0.068
   -5.43   11.87   53.60        -5.35   11.83   53.59     0.094
   -1.81   -7.92  -35.95        -1.76   -7.90  -35.94     0.055
    4.26   -8.48   22.74         4.26   -8.49   22.73     0.010
   10.44   24.31   19.30        10.44   24.38   19.31     0.066
    7.55   25.22    4.58         7.47   25.32    4.55     0.131
    9.05   -7.03   62.68         9.08   -7.18   62.72     0.161
   33.30   14.67  -17.78        33.38   14.72  -17.81     0.104
   20.68   23.26   15.29        20.69   23.30   15.30     0.041
  -31.21  -29.52  -20.75       -31.17  -29.44  -20.77     0.095
  -41.74   -0.86  -28.70       -41.72   -0.87  -28.70     0.017
  -18.40  -27.22  -41.16       -18.41  -27.22  -41.16     0.010
   -0.96   -8.72  -31.14        -0.78   -8.68  -31.24     0.213
   29.24    8.94   20.67        29.29    8.94   20.69     0.049
  -28.10  -22.13  -44.68       -28.10  -22.09  -44.65     0.050
    8.94   20.71   -8.40         8.86   20.74   -8.44     0.096
   -8.80  -25.19  -15.07        -8.82  -25.18  -15.08     0.027
   10.95    5.74   62.91        10.94    5.74   62.94     0.034
   -0.59   -8.99   23.57        -0.59   -8.90   23.55     0.095
   38.19    2.28    8.50        38.13    2.28    8.46     0.073
   -6.54  -24.88  -17.20        -6.53  -24.90  -17.19     0.018
  -37.01  -20.64  -14.03       -36.99  -20.62  -14.05     0.033
  -32.97  -17.65   -8.87       -32.98  -17.65   -8.87     0.009
    9.50   -8.86   15.74         9.51   -8.90   15.74     0.036
  -13.34    5.42   -7.44       -13.33    5.39   -7.45     0.029
  -12.87  -29.60  -34.99       -12.90  -29.55  -34.97     0.064
  -16.13   15.44   29.79       -16.23   15.44   29.81     0.104
  -32.94    2.61  -40.15       -32.93    2.57  -40.13     0.048
   -5.78   11.10   58.63        -5.78   11.09   58.63     0.005
    4.89   -7.11   49.27         4.87   -7.02   49.26     0.093
   -5.90   11.64    4.63        -5.88   11.60    4.65     0.042
  -23.84  -29.40  -37.85       -23.85  -29.45  -37.89     0.070
  -24.85  -20.77   -6.95       -24.85  -20.81   -6.89     0.076
   30.15   -0.19  -27.43        30.13   -0.18  -27.42     0.025
    4.80   19.20   57.20         4.80   19.18   57.20     0.022
  -15.46  -19.41   -7.29       -15.47  -19.42   -7.29     0.008
  -11.64    6.16   -0.87       -11.64    6.15   -0.88     0.007
   -4.29  -14.14  -40.86        -4.31  -14.14  -40.85     0.025
   32.92   12.66  -22.03        32.90   12.65  -22.02     0.030
   -0.90  -19.99  -31.75        -0.97  -19.96  -31.75     0.080
   17.52  -16.69  -13.04        17.51  -16.70  -13.05     0.013
   26.62   -9.11    3.49        26.60   -9.00    3.45     0.128
  -30.83   -3.62  -45.48       -30.79   -3.65  -45.40     0.094
   14.77    0.09   62.99        14.76    0.09   62.95     0.045
  -12.89    4.02    7.45       -12.98    4.05    7.45     0.093
  -39.43    2.65  -27.27       -39.39    2.62  -27.27     0.047
  -32.14  -29.07  -21.39       -32.08  -28.95  -21.42     0.139
   29.49   -9.61   -2.28        29.44   -9.54   -2.29     0.089
   27.66  -11.59  -10.13        27.65  -11.59  -10.13     0.008
   24.80    8.81   35.94        24.78    8.81   35.93     0.019
   31.40    0.94   16.33        31.36    0.95   16.30     0.056
   -5.20   -2.05   60.59        -5.03   -1.93   60.59     0.208
   -1.66    1.16  -26.04        -1.61    1.18  -26.08     0.068
   28.38   20.73  -20.42        28.37   20.72  -20.42     0.018
   -6.52   10.43   46.86        -6.61   10.44   46.86     0.092
  -12.40  -28.68  -17.63       -12.41  -28.71  -17.61     0.032
