200 PA4-H-Unknown-Output.txt 0
  -34.64    2.60  -38.66       -34.64    2.58  -38.66     0.015
   14.93   22.69   28.18        14.93   22.70   28.16     0.015
   23.83   14.35   32.41        23.83   14.35   32.40     0.015
   -8.05   -3.16   24.09        -8.07   -3.18   24.09     0.027
   13.52   20.30  -29.86        13.52   20.27  -29.83     0.043
  -36.28  -20.07  -12.39       -36.28  -20.07  -12.40     0.009
    2.37    6.09  -18.62         2.36    6.07  -18.62     0.020
  -39.38    0.37  -34.11       -39.38    0.36  -34.11     0.015
   22.53    1.84   44.57        22.51    1.85   44.56     0.025
  -35.44   -9.63  -44.71       -35.42   -9.64  -44.68     0.036
  -42.92   -3.66  -23.82       -42.91   -3.67  -23.82     0.012
  -23.89  -29.44  -15.13       -23.90  -29.43  -15.14     0.011
   29.90   16.92   12.98        29.93   16.94   12.99     0.040
  -41.44  -16.04  -30.39       -41.43  -16.05  -30.38     0.019
   -4.06  -10.96    7.24        -4.07  -10.97    7.23     0.013
   -4.42  -18.77  -39.22        -4.44  -18.78  -39.23     0.013
   -6.04    0.32   51.05        -6.09    0.30   51.04     0.048
   35.12   15.36   -0.81        35.11   15.35   -0.82     0.020
   22.18  -16.07   -9.15        22.18  -16.08   -9.16     0.013
   -2.28    9.03  -11.97        -2.28    9.04  -11.98     0.017
    5.12   -6.01  -24.00         5.10   -6.02  -23.98     0.027
   32.87    7.26   14.37        32.91    7.27   14.38     0.043
   11.42   -6.62   27.84        11.42   -6.63   27.83     0.015
  -26.11  -27.81  -39.52       -26.11  -27.78  -39.49     0.042
   -5.35   24.08   20.17        -5.35   24.07   20.16     0.011
   18.92  -16.27   -4.74        18.92  -16.30   -4.73     0.027
  -40.21  -20.57  -19.52       -40.19  -20.56  -19.53     0.027
   26.02   20.79  -22.96        26.00   20.77  -22.96     0.024
    3.72   16.52   -2.01         3.74   16.51   -2.00     0.027
   17.42  -15.90  -14.78        17.43  -15.86  -14.77     0.042
   -4.18   13.77   57.64        -4.20   13.80   57.63     0.031
  -37.31   -8.85   -9.65       -37.31   -8.85   -9.66     0.005
   -4.54  -15.50   -3.76        -4.54  -15.51   -3.77     0.011
    3.39    3.37  -20.77         3.37    3.35  -20.76     0.024
   11.52   18.04  -23.60        11.54   18.05  -23.62     0.025
   25.99   15.11  -27.91        25.97   15.08  -27.87     0.053
    4.31   -0.48  -22.77         4.29   -0.50  -22.75     0.032
   -2.75   24.09   20.34        -2.75   24.10   20.33     0.013
   28.20    7.48   23.75        28.21    7.49   23.73     0.015
    7.64   21.96   -4.63         7.66   21.95   -4.64     0.018
  -35.13  -21.22  -12.35       -35.13  -21.22  -12.36     0.009
  -12.89   -4.44    7.23       -12.90   -4.45    7.23     0.018
    4.15   -2.74  -23.81         4.14   -2.76  -23.80     0.023
   19.75    0.16  -24.00        19.80    0.18  -23.96     0.066
   -6.82   22.30   17.05        -6.82   22.27   17.05     0.029
   34.95    4.65  -21.16        34.93    4.65  -21.16     0.026
   39.43    8.76   -0.86        39.44    8.76   -0.88     0.022
  -12.22   23.53   21.63       -12.21   23.53   21.62     0.009
   -6.16   -0.06   39.62        -6.21   -0.07   39.61     0.043
   18.68    9.31  -28.06        18.72    9.35  -28.05     0.057
  -32.33   -5.88  -45.64       -32.32   -5.90  -45.61     0.033
  -39.55    2.32  -29.34       -39.55    2.31  -29.35     0.011
  -33.26    5.99  -17.10       -33.27    6.00  -17.10     0.020
   -3.89   -0.73  -30.59        -3.89   -0.73  -30.61     0.015
   10.96  -16.59   -6.11        10.97  -16.56   -6.12     0.027
  -33.19   -2.70   -9.68       -33.18   -2.70   -9.67     0.018
   28.52   20.54   10.27        28.53   20.56   10.27     0.027
   19.42  -11.84    1.39        19.42  -11.85    1.38     0.015
  -11.11   -3.48   11.91       -11.12   -3.49   11.91     0.019
    6.15   -7.34   57.61         6.16   -7.34   57.60     0.014
  -30.04  -26.95  -14.24       -30.03  -26.94  -14.26     0.019
   36.02   10.06  -14.97        36.03   10.06  -14.99     0.018
   -7.06    9.06   -1.30        -7.07    9.05   -1.31     0.009
   -5.77    2.94   62.85        -5.81    2.93   62.90     0.062
    7.03   21.18   39.36         7.03   21.18   39.35     0.014
  -12.92  -27.64  -38.72       -12.94  -27.63  -38.72     0.020
   33.12   -5.99   -0.79        33.11   -5.98   -0.81     0.021
  -30.13  -18.18  -46.21       -30.14  -18.16  -46.17     0.042
  -24.82  -22.91   -8.17       -24.82  -22.91   -8.17     0.008
   27.65    8.10   25.32        27.65    8.10   25.31     0.016
   -0.24    2.59  -24.14        -0.26    2.57  -24.12     0.031
   -6.99    7.84   43.42        -7.02    7.84   43.41     0.035
  -15.64    2.10   -0.16       -15.66    2.11   -0.16     0.017
    3.23    2.54  -21.54         3.22    2.53  -21.53     0.019
  -39.63  -20.99  -32.54       -39.60  -20.98  -32.53     0.035
  -13.50  -26.67  -13.49       -13.51  -26.67  -13.50     0.009
   32.51   12.62   12.75        32.55   12.64   12.78     0.055
  -28.47   -0.84  -45.19       -28.47   -0.86  -45.17     0.022
  -17.67  -26.70  -11.78       -17.67  -26.71  -11.78     0.011
    6.15   -7.61   26.04         6.15   -7.61   26.03     0.011
  -20.89    4.15  -42.92       -20.90    4.14  -42.93     0.012
  -40.85    0.45  -23.96       -40.85    0.44  -23.97     0.009
    3.31   21.08    3.90         3.32   21.08    3.89     0.011
   16.19   27.08    0.85        16.19   27.10    0.84     0.024
   13.32   -6.36   28.27        13.32   -6.36   28.26     0.013
  -41.97  -16.65  -20.63       -41.95  -16.64  -20.64     0.026
   30.88   19.06  -17.53        30.88   19.06  -17.54     0.018
   19.62   26.10   -8.16        19.61   26.11   -8.17     0.018
   37.53    3.68  -13.90        37.50    3.67  -13.90     0.032
   -6.75    2.44   58.58        -6.79    2.44   58.57     0.042
   25.35  -10.65   -0.46        25.35  -10.68   -0.46     0.025
  -25.77  -15.82   -6.59       -25.78  -15.82   -6.57     0.017
   27.80  -12.34  -13.65        27.79  -12.34  -13.66     0.015
   25.56    9.02   32.43        25.56    9.02   32.41     0.017
   22.75   -7.17   11.12        22.76   -7.18   11.11     0.016
  -15.60  -12.30  -48.50       -15.61  -12.30  -48.45     0.041
   16.22   27.12    1.98        16.22   27.14    1.97     0.020
  -28.95  -22.83  -43.74       -28.95  -22.80  -43.72     0.036
   19.49   -6.49  -23.75        19.52   -6.50  -23.70     0.059
   12.53   15.92  -23.09        12.55   15.93  -23.10     0.027
   -4.78   13.75    7.18        -4.76   13.73    7.19     0.025
   -7.72  -26.68  -34.62        -7.73  -26.69  -34.62     0.011
   10.08   24.41   -5.24        10.09   24.40   -5.24     0.019
    7.30   10.92  -11.28         7.30   10.90  -11.28     0.026
   14.62   -5.70   38.99        14.62   -5.68   38.98     0.020
  -22.33   11.27  -32.86       -22.34   11.28  -32.87     0.014
   21.43   10.30   57.57        21.39   10.30   57.55     0.040
   26.96   10.64   25.84        26.97   10.65   25.83     0.017
    9.41    6.45  -15.81         9.40    6.42  -15.79     0.037
    0.79   10.66   -8.52         0.79   10.65   -8.53     0.011
  -10.50    9.68   31.60       -10.52    9.65   31.60     0.032
   27.51   22.97   -2.15        27.52   22.98   -2.17     0.020
  -26.96  -31.11  -19.79       -26.95  -31.09  -19.80     0.027
    0.24  -16.74   -7.10         0.24  -16.74   -7.11     0.009
  -39.76  -11.27  -38.33       -39.72  -11.27  -38.33     0.038
   -8.67   -5.56  -44.83        -8.68   -5.57  -44.84     0.014
   29.86   14.14   15.40        29.87   14.15   15.39     0.019
  -27.50  -26.52  -40.65       -27.49  -26.49  -40.62     0.044
   18.24  -13.76   -1.00        18.25  -13.78   -1.00     0.023
    8.22    4.34   63.05         8.24    4.35   63.10     0.053
  -14.67   10.13  -33.04       -14.66   10.16  -33.06     0.034
   -6.68  -23.77  -15.03        -6.68  -23.78  -15.04     0.008
  -34.86    1.46  -13.27       -34.87    1.46  -13.27     0.017
  -42.88  -16.62  -26.64       -42.85  -16.61  -26.64     0.034
   20.59   -8.79  -23.03        20.62   -8.74  -22.99     0.066
   17.87   14.44   62.43        17.90   14.45   62.44     0.030
  -27.96  -26.42  -40.59       -27.95  -26.39  -40.56     0.036
  -35.51    5.28  -20.24       -35.53    5.29  -20.23     0.016
    7.97   20.32   -6.83         8.00   20.30   -6.82     0.033
  -23.73  -11.04  -49.28       -23.75  -11.03  -49.26     0.025
   -4.85    2.06  -29.42        -4.84    2.07  -29.44     0.017
  -34.18    3.74  -15.18       -34.19    3.74  -15.17     0.016
  -18.95  -28.11  -13.01       -18.95  -28.12  -13.01     0.008
  -31.19  -21.04   -8.99       -31.19  -21.04   -8.99     0.005
   13.59   22.19   38.88        13.59   22.17   38.87     0.024
  -22.65  -10.75  -49.72       -22.65  -10.73  -49.67     0.050
  -15.00   10.43  -32.42       -15.00   10.46  -32.43     0.031
   -6.24  -18.34   -8.16        -6.24  -18.35   -8.17     0.009
   -1.13   -9.22  -31.91        -1.13   -9.22  -31.93     0.017
  -38.22  -22.33  -17.87       -38.21  -22.32  -17.88     0.025
    5.86    0.20  -21.84         5.84    0.18  -21.81     0.040
  -16.56    7.51  -15.03       -16.56    7.55  -15.02     0.043
  -39.14    1.99  -20.99       -39.15    1.99  -21.00     0.008
   32.86    0.01  -24.32        32.82    0.01  -24.31     0.034
   30.49    5.67   18.74        30.52    5.67   18.74     0.029
   33.18   -7.55  -13.94        33.18   -7.56  -13.96     0.017
    7.56   22.17   -4.04         7.58   22.16   -4.05     0.026
   31.50   10.92   15.09        31.52   10.93   15.08     0.030
   -8.43   -6.52   14.17        -8.44   -6.53   14.16     0.011
   40.04    6.90   -1.59        40.05    6.91   -1.61     0.023
  -20.19   12.10  -30.36       -20.20   12.12  -30.37     0.023
   36.26   13.64   -9.66        36.24   13.63   -9.67     0.024
    2.27  -17.99  -20.84         2.27  -18.00  -20.85     0.013
  -15.57   20.67   26.11       -15.59   20.68   26.11     0.024
  -38.22  -19.13  -14.66       -38.21  -19.13  -14.67     0.013
   37.08   13.14    4.43        37.08   13.14    4.41     0.017
  -15.54  -31.87  -24.47       -15.55  -31.86  -24.47     0.012
   -8.91    8.14  -14.18        -8.92    8.17  -14.19     0.030
    3.94   23.68   22.83         3.94   23.70   22.82     0.019
  -28.54    1.01  -12.67       -28.54    1.02  -12.64     0.024
  -10.64  -28.83  -34.17       -10.65  -28.82  -34.17     0.015
   -4.39  -11.93    3.67        -4.38  -11.94    3.66     0.011
  -42.29  -13.32  -18.73       -42.27  -13.32  -18.73     0.018
   35.93   13.76    7.31        35.96   13.78    7.30     0.035
  -16.52   16.53   23.05       -16.53   16.53   23.05     0.016
   22.15   -2.02   34.71        22.15   -2.02   34.70     0.016
  -34.46    3.42  -15.11       -34.47    3.43  -15.10     0.017
   36.82    6.20  -15.42        36.82    6.20  -15.44     0.017
   -4.17    2.71  -27.74        -4.18    2.71  -27.75     0.012
  -15.75    8.85  -37.82       -15.76    8.84  -37.83     0.012
   -0.01  -10.63  -30.21         0.01  -10.63  -30.23     0.024
  -11.81  -18.15   -7.22       -11.81  -18.17   -7.22     0.012
  -39.71  -16.04  -14.64       -39.71  -16.04  -14.65     0.009
   22.38    3.65   48.18        22.35    3.65   48.16     0.036
   19.02   -6.43   18.98        19.02   -6.42   18.97     0.014
   -2.77   23.74   18.60        -2.77   23.72   18.60     0.023
   20.97   13.35   52.20        20.96   13.35   52.18     0.023
  -34.44    5.03  -35.60       -34.44    5.02  -35.60     0.013
   14.77   23.26   23.32        14.77   23.26   23.31     0.014
  -37.82  -10.45  -10.64       -37.82  -10.45  -10.65     0.009
   -7.36    5.70  -29.47        -7.35    5.73  -29.48     0.031
   -7.05   16.80   40.99        -7.09   16.79   41.03     0.058
  -26.36  -26.07  -10.84       -26.36  -26.07  -10.85     0.006
  -22.62  -32.71  -24.98       -22.62  -32.68  -24.98     0.031
   -3.04   15.21    6.33        -3.03   15.20    6.33     0.016
    3.96   -7.03   50.09         3.97   -7.05   50.08     0.022
   25.53    8.70   32.63        25.53    8.70   32.61     0.017
  -30.28    3.68  -40.82       -30.29    3.66  -40.82     0.015
   16.94   -3.39   56.75        16.93   -3.38   56.74     0.025
   38.06   -0.14  -12.71        38.04   -0.13  -12.72     0.024
    0.05  -15.62   -4.96         0.05  -15.64   -4.96     0.015
   21.79  -10.78  -21.68        21.79  -10.76  -21.61     0.068
   -5.91  -23.39  -15.22        -5.91  -23.40  -15.22     0.013
    0.60   -8.34  -28.50         0.59   -8.34  -28.51     0.012
  -36.01    4.99  -20.62       -36.02    4.99  -20.62     0.009
  -20.86    5.57  -41.63       -20.87    5.57  -41.63     0.012
    6.78  -12.56    5.54         6.78  -12.56    5.53     0.011
   13.23   11.77  -13.60        13.26   11.76  -13.60     0.031
    9.88    3.26  -18.54         9.88    3.23  -18.53     0.032
    7.92   16.13   63.21         7.93   16.13   63.27     0.068
