200 PA4-B-Debug-Output.txt 0
  -14.22    5.61   -9.99       -14.21    5.59   -9.99     0.024
  -19.11  -32.46  -30.72       -19.09  -32.48  -30.72     0.025
  -31.37  -23.41  -11.06       -31.36  -23.42  -11.05     0.016
  -23.28  -32.51  -31.27       -23.27  -32.54  -31.28     0.032
   27.02   -0.76   23.30        27.02   -0.75   23.31     0.013
    4.86  -16.87  -10.42         4.39  -17.00  -10.17     0.547
   26.51    0.79  -29.41        26.47    0.74  -29.53     0.134
   -6.73    7.96   55.57        -6.67    7.94   55.58     0.066
   -1.56  -22.42  -26.36        -1.57  -22.40  -26.35     0.024
   36.74    3.62   10.26        36.68    3.63   10.22     0.079
   30.82   -9.83  -16.76        30.84   -9.83  -16.75     0.023
   -0.83  -16.24  -35.53        -0.83  -16.23  -35.52     0.015
   20.12   -0.24  -24.22        20.04   -0.26  -24.29     0.108
    5.40   19.81   52.06         5.40   19.81   52.07     0.012
   -1.20   16.01   61.21        -1.19   15.98   61.22     0.028
   19.03    9.03  -28.15        18.96    8.96  -28.18     0.099
  -39.81  -15.69  -14.70       -39.83  -15.70  -14.68     0.030
   22.55   -7.84    8.84        22.56   -7.83    8.85     0.014
   -0.79  -11.40  -34.50        -0.83  -11.41  -34.48     0.044
    4.43   -5.27  -24.30         4.46   -5.26  -24.32     0.037
   15.03   -4.90   55.36        15.03   -4.90   55.37     0.009
  -11.77  -12.72  -47.14       -11.75  -12.71  -47.17     0.031
  -17.23  -28.89  -14.90       -17.22  -28.88  -14.90     0.016
  -10.61    7.75    7.04       -10.61    7.75    7.05     0.011
  -28.60   -7.31  -47.58       -28.62   -7.30  -47.63     0.055
   36.42    8.48    9.43        36.36    8.46    9.39     0.078
  -32.23  -18.49   -8.71       -32.22  -18.50   -8.70     0.011
   23.73    9.87   41.75        23.76    9.88   41.76     0.041
   20.33  -11.00    2.11        20.32  -10.96    2.11     0.033
   -5.12  -11.53    4.51        -5.11  -11.51    4.51     0.020
   35.67   11.33  -14.58        35.70   11.34  -14.58     0.028
   17.85   16.50   59.16        17.91   16.55   59.18     0.082
    8.00   -3.13  -22.46         8.03   -3.12  -22.52     0.067
  -15.91   15.62   20.55       -15.92   15.61   20.55     0.012
  -35.40  -15.70  -43.83       -35.44  -15.72  -43.88     0.065
   28.89    9.04  -29.67        28.93    9.07  -29.73     0.074
   31.94   -5.39   10.07        31.94   -5.37   10.08     0.020
  -15.61  -12.57  -48.48       -15.61  -12.57  -48.53     0.055
   -9.24  -11.21    2.60        -9.23  -11.19    2.59     0.032
   10.31  -13.22    4.43        10.32  -13.20    4.43     0.026
   15.18   25.34  -11.25        15.19   25.33  -11.24     0.016
    2.92  -11.79   10.02         2.93  -11.77   10.02     0.022
  -37.22    5.12  -28.13       -37.23    5.13  -28.13     0.016
  -15.12  -11.30  -48.50       -15.10  -11.30  -48.52     0.026
   -9.04  -14.46  -45.27        -9.02  -14.46  -45.26     0.015
  -40.35  -18.51  -17.78       -40.37  -18.53  -17.76     0.035
  -26.70  -19.04   -7.06       -26.69  -19.04   -7.08     0.020
   33.35   -2.29  -23.29        33.39   -2.28  -23.31     0.053
    1.37   11.42   -7.45         1.37   11.45   -7.45     0.028
   24.87  -12.98   -4.74        24.88  -12.97   -4.73     0.015
  -40.43    1.30  -25.23       -40.45    1.31  -25.22     0.025
   18.81   16.89   50.71        18.85   16.93   50.73     0.067
   25.28   16.93  -27.31        25.67   17.22  -26.75     0.744
  -16.16  -18.02   -6.12       -16.15  -18.00   -6.14     0.030
   16.78   19.64   46.80        16.81   19.67   46.82     0.041
   -0.24  -10.89   12.64        -0.23  -10.88   12.65     0.012
   21.12   -8.24    8.75        21.13   -8.23    8.76     0.014
   18.97   20.35  -28.74        19.00   20.39  -28.76     0.050
  -15.50  -13.16  -48.47       -15.49  -13.16  -48.52     0.048
   15.35   -5.07   49.65        15.35   -5.07   49.66     0.011
   -6.61   -2.96   31.88        -6.56   -2.94   31.88     0.055
   -2.01  -22.09  -19.06        -2.01  -22.07  -19.06     0.019
   33.37   11.78   12.23        33.31   11.78   12.21     0.065
  -35.26  -25.86  -34.24       -35.29  -25.90  -34.26     0.060
  -18.24   11.04  -33.98       -18.24   11.02  -33.97     0.031
   18.94   19.43   39.08        18.97   19.46   39.10     0.043
  -33.04   -3.14   -9.79       -33.05   -3.14   -9.82     0.030
  -24.09   10.27  -34.83       -24.08   10.26  -34.82     0.012
  -13.61    9.14  -34.69       -13.62    9.11  -34.67     0.041
  -37.26    2.18  -17.01       -37.26    2.18  -17.00     0.008
   -1.08   21.53   36.64        -1.09   21.54   36.65     0.015
  -28.63   -7.64   -7.76       -28.63   -7.65   -7.78     0.028
   30.03   -6.24   10.06        30.02   -6.21   10.06     0.030
  -27.55  -29.93  -35.32       -27.55  -29.98  -35.35     0.054
   -5.39  -21.95  -13.42        -5.39  -21.93  -13.43     0.026
   -0.56   10.36   -8.11        -0.56   10.36   -8.10     0.010
   13.19   -5.97   54.82        13.19   -5.97   54.83     0.009
   10.71   23.15   26.56        10.71   23.15   26.57     0.012
  -28.21  -25.16  -10.79       -28.20  -25.17  -10.78     0.015
  -38.27  -21.04  -16.40       -38.28  -21.06  -16.38     0.033
  -11.69  -15.49   -4.17       -11.69  -15.47   -4.18     0.019
   12.37   -6.26   45.14        12.37   -6.25   45.14     0.020
   -6.77    3.12   53.67        -6.69    3.13   53.67     0.080
   -7.10    6.27   57.24        -7.02    6.26   57.25     0.079
   28.27   -7.08  -24.39        28.30   -7.13  -24.48     0.109
  -11.75    9.03  -18.33       -11.76    8.98  -18.35     0.054
   24.12   24.41  -12.14        24.10   24.38  -12.13     0.034
   -6.97    6.96   44.80        -6.90    6.96   44.81     0.063
  -12.32    8.53  -34.68       -12.33    8.49  -34.66     0.038
   14.47   21.07  -29.55        14.45   21.13  -29.61     0.086
  -34.49  -13.27  -45.65       -34.51  -13.28  -45.71     0.059
  -22.53    1.98  -11.41       -22.51    1.96  -11.41     0.026
   -6.39  -17.32   -6.28        -6.39  -17.30   -6.29     0.024
   26.15   -2.21   22.91        25.56   -2.61   23.17     0.763
    0.16    6.05  -19.89         0.17    6.07  -19.89     0.023
   -8.58   -6.91   12.80        -8.56   -6.90   12.80     0.021
   29.29    6.72  -29.01        29.35    6.71  -29.07     0.088
   -8.09  -16.92   -5.92        -8.08  -16.90   -5.93     0.021
   -3.01   18.92   42.89        -3.00   18.90   42.89     0.030
  -36.32   -0.10  -39.98       -36.35   -0.08  -40.00     0.039
  -15.80  -30.83  -19.69       -15.79  -30.83  -19.69     0.014
    8.74   18.66   61.44         8.74   18.64   61.43     0.024
   24.70   10.44   35.34        24.73   10.46   35.35     0.033
   12.64   16.46  -28.08        12.58   16.43  -28.08     0.072
    9.62   21.70   39.95         9.61   21.72   39.96     0.021
   21.31  -11.73   -0.17        21.30  -11.70   -0.18     0.036
   -4.44  -18.40  -39.46        -4.42  -18.40  -39.46     0.020
   -9.23  -22.77  -11.54        -9.23  -22.75  -11.55     0.023
   10.99   -6.32   34.80        10.99   -6.30   34.81     0.020
   12.24  -16.42  -10.97        12.24  -16.47  -10.99     0.057
  -37.51   -1.62  -39.64       -37.54   -1.61  -39.67     0.042
  -12.64    5.23    0.48       -12.64    5.22    0.49     0.010
   36.79    1.37   10.17        36.73    1.39   10.13     0.073
    5.99  -16.29   -9.63         6.00  -16.28   -9.63     0.013
   11.94   22.00   35.98        11.94   22.00   35.99     0.012
   28.46    0.09   20.76        28.44    0.10   20.76     0.026
   -8.01   -7.53  -45.01        -8.02   -7.53  -44.99     0.021
   11.92   20.84   54.25        11.92   20.85   54.26     0.019
   25.48   24.12   -0.07        25.46   24.09   -0.06     0.034
  -39.89    1.83  -29.49       -39.91    1.85  -29.48     0.026
   -8.90   -0.45   22.76        -8.86   -0.45   22.76     0.045
  -22.28   -2.44  -47.40       -22.27   -2.44  -47.43     0.036
    0.09  -20.01  -25.31         0.09  -19.99  -25.30     0.020
    9.77   22.17   -8.31         9.76   22.18   -8.30     0.024
  -29.04  -28.16  -37.65       -29.05  -28.21  -37.68     0.059
  -14.05   -0.89    6.73       -14.03   -0.89    6.73     0.029
   -0.80    0.30  -25.49        -0.78    0.31  -25.49     0.016
  -32.87   -2.69  -43.94       -32.88   -2.67  -43.98     0.039
  -11.36  -26.05  -14.23       -11.36  -26.03  -14.24     0.020
  -38.58  -23.39  -21.06       -38.60  -23.42  -21.05     0.042
    8.02   23.59   23.69         8.02   23.58   23.69     0.016
  -25.13    1.15  -45.30       -25.13    1.16  -45.31     0.018
  -35.90    2.71  -15.33       -35.90    2.71  -15.33     0.008
  -15.45  -18.65   -6.66       -15.45  -18.63   -6.68     0.029
   -7.94   -3.45   23.97        -7.90   -3.43   23.97     0.041
   -4.58   10.98   -0.33        -4.58   10.99   -0.32     0.011
    6.78   19.33   -5.46         6.73   19.35   -5.47     0.049
   12.61   -9.57   11.72        12.61   -9.54   11.71     0.025
    1.29   18.65   51.19         1.29   18.65   51.20     0.011
  -32.48  -17.20   -8.51       -32.47  -17.20   -8.51     0.011
   -9.35  -21.00  -43.10        -9.33  -21.00  -43.10     0.017
  -21.58  -10.77   -4.16       -21.57  -10.77   -4.18     0.021
   -9.67   15.23   37.98        -9.59   15.24   37.93     0.089
  -30.15  -30.28  -21.77       -30.15  -30.32  -21.76     0.038
   -4.11  -11.55    5.14        -4.11  -11.54    5.15     0.013
  -16.00   15.52   30.26       -15.93   15.52   30.25     0.067
   37.43   -0.98    8.00        37.39   -0.95    7.98     0.048
   20.33  -12.06    0.28        20.32  -12.02    0.28     0.037
   -1.65   18.65    8.66        -1.68   18.68    8.64     0.044
   14.64   -8.54  -21.75        14.64   -8.56  -21.85     0.097
  -10.15   -3.89   13.36       -10.12   -3.87   13.35     0.037
   -8.89  -29.18  -25.96        -8.88  -29.17  -25.96     0.015
   10.55   24.29   19.40        10.55   24.28   19.41     0.018
   31.22    0.73   16.52        31.18    0.75   16.50     0.045
    1.74  -11.29  -27.00         1.72  -11.28  -26.98     0.022
   18.34   26.61   -4.48        18.33   26.60   -4.46     0.018
   -5.12    8.77  -11.74        -5.11    8.76  -11.73     0.015
   25.06   23.42    7.15        25.04   23.38    7.16     0.041
   20.34   18.32   36.73        20.35   18.34   36.75     0.025
   22.50   10.23   49.33        22.55   10.24   49.35     0.052
    0.90   18.21   53.75         0.89   18.21   53.76     0.014
   -2.82   11.16   -2.98        -2.83   11.18   -2.98     0.019
    8.35  -15.31   -2.08         8.36  -15.32   -2.07     0.015
   30.38   20.63   -2.34        30.37   20.63   -2.33     0.018
  -41.61   -6.41  -33.26       -41.65   -6.44  -33.28     0.055
   22.11    0.99   44.92        22.13    0.99   44.93     0.027
   23.34   23.88    8.03        23.32   23.85    8.03     0.038
   -3.22   22.94   33.04        -3.22   22.94   33.06     0.011
  -14.09  -25.41  -11.56       -14.08  -25.39  -11.57     0.018
   22.17   -5.73   18.03        22.17   -5.72   18.04     0.012
  -22.67   -8.63   -4.68       -22.65   -8.64   -4.69     0.020
    2.71   20.51   41.57         2.71   20.51   41.58     0.012
    7.89   20.68   45.06         7.89   20.69   45.08     0.015
   32.53   -5.03  -22.88        32.59   -5.05  -22.90     0.063
  -35.31  -24.11  -15.88       -35.32  -24.13  -15.86     0.030
   29.13   -1.62  -27.27        29.18   -1.66  -27.31     0.081
   21.35    8.13   59.78        21.42    8.13   59.80     0.070
  -14.28  -31.60  -26.11       -14.26  -31.60  -26.11     0.016
   -1.02  -20.38  -16.00        -1.01  -20.37  -16.00     0.014
   -9.92   20.99   17.03        -9.94   21.02   17.00     0.047
   32.44   -5.95    7.96        32.44   -5.93    7.97     0.022
   21.94   24.71  -19.24        21.93   24.69  -19.22     0.028
  -27.98  -28.93  -37.05       -27.99  -28.98  -37.07     0.056
   -3.69  -14.61  -40.03        -3.69  -14.60  -40.02     0.014
   -9.60  -28.80  -31.49        -9.59  -28.80  -31.49     0.016
   23.87    9.50   41.18        23.90    9.50   41.20     0.035
   -9.72   12.25   36.30        -9.65   12.28   36.29     0.074
   -1.06  -16.13  -35.97        -1.06  -16.12  -35.96     0.017
  -33.83   -6.66   -9.01       -33.82   -6.67   -9.02     0.022
   32.66    0.00   14.47        32.61    0.03   14.43     0.069
   16.57   -4.22   52.50        16.58   -4.22   52.51     0.015
  -19.27  -20.96  -46.65       -19.25  -20.97  -46.67     0.031
   28.87   -9.12    1.72        28.87   -9.09    1.72     0.022
  -29.15  -31.22  -24.53       -29.16  -31.26  -24.52     0.040
  -27.04    2.36  -43.71       -27.04    2.37  -43.72     0.019
  -23.07  -28.37  -13.43       -23.06  -28.38  -13.43     0.013
   15.56   -9.40  -21.15        15.57   -9.45  -21.21     0.083
   -3.36   12.51    1.60        -3.37   12.51    1.61     0.012
    7.33   -7.31   59.91         7.33   -7.27   59.92     0.037
  -29.79  -13.08   -6.10       -29.78  -13.08   -6.11     0.019
