200 PA4-C-Debug-Output.txt 0
   -5.67   11.07   57.02        -5.66   11.07   57.02     0.008
  -13.69  -28.77  -17.00       -13.69  -28.75  -17.02     0.025
  -12.37   -1.20  -45.22       -12.36   -1.19  -45.22     0.017
   20.26   13.97   54.11        20.29   13.99   54.13     0.044
   -6.53  -12.63    1.20        -6.52  -12.62    1.20     0.015
    7.96   22.51   30.50         7.95   22.50   30.51     0.018
   11.36   -2.31   63.22        11.36   -2.32   63.17     0.052
    6.81   19.85   58.91         6.79   19.87   58.93     0.033
   28.20    9.74  -29.74        28.21    9.78  -29.76     0.044
  -12.44   14.79   17.10       -12.47   14.78   17.09     0.030
   24.91   22.95  -21.32        24.88   22.94  -21.30     0.039
  -40.85  -19.11  -30.20       -40.89  -19.11  -30.20     0.041
   -8.49  -22.63  -11.83        -8.49  -22.60  -11.84     0.025
  -25.98  -26.55  -11.28       -25.97  -26.53  -11.30     0.031
  -13.13  -11.61   -0.49       -13.11  -11.59   -0.50     0.026
  -27.80    9.80  -32.36       -27.81    9.81  -32.35     0.012
   14.23   21.77   44.07        14.24   21.81   44.08     0.047
   -8.72    7.03   30.59        -8.65    7.05   30.58     0.070
   15.82   21.16   41.76        15.82   21.20   41.78     0.036
    0.49   20.39    7.83         0.48   20.39    7.85     0.017
  -10.85  -30.20  -27.75       -10.84  -30.18  -27.74     0.015
   20.48    0.08   52.49        20.49    0.08   52.50     0.014
   14.59   25.70   -8.40        14.59   25.65   -8.37     0.055
    7.23  -16.31  -13.38         7.25  -16.36  -13.37     0.047
  -27.31  -30.66  -18.53       -27.31  -30.68  -18.52     0.020
   -1.13  -20.19  -32.51        -1.14  -20.17  -32.50     0.016
  -35.53  -16.40   -9.68       -35.51  -16.39   -9.69     0.022
  -13.44   21.80   20.57       -13.46   21.80   20.58     0.020
  -18.14    4.51  -11.34       -18.14    4.49  -11.34     0.018
   24.69   17.25   23.71        24.69   17.26   23.72     0.019
  -11.72  -13.66  -47.03       -11.70  -13.65  -47.06     0.030
  -25.85   10.05  -18.90       -25.84   10.03  -18.90     0.021
  -14.21    2.33    3.57       -14.20    2.32    3.58     0.018
  -39.02  -17.88  -37.65       -39.06  -17.89  -37.65     0.038
  -26.01    3.95  -42.58       -26.02    3.97  -42.59     0.028
   -5.19   -1.83   54.14        -5.15   -1.81   54.15     0.055
    2.83   -6.86   45.01         2.83   -6.81   45.02     0.046
  -10.19   22.17   18.27       -10.23   22.19   18.25     0.050
   11.89   24.72   15.95        11.88   24.70   15.96     0.030
    4.45   19.15   56.21         4.43   19.17   56.23     0.036
   23.94    6.67  -30.35        23.91    6.68  -30.43     0.083
  -18.04    5.62  -13.14       -18.03    5.59  -13.16     0.040
    1.06   23.11   29.58         1.05   23.13   29.60     0.026
  -32.04    9.01  -24.75       -32.05    9.01  -24.74     0.015
   20.94    0.02  -25.36        20.89    0.02  -25.39     0.065
   -4.93   20.24   13.32        -4.96   20.26   13.30     0.044
  -28.70    7.87  -36.24       -28.71    7.88  -36.24     0.021
  -34.26    7.57  -28.39       -34.27    7.58  -28.39     0.023
   22.84    3.05   44.79        22.85    3.05   44.81     0.020
    2.64  -18.33  -14.56         2.66  -18.34  -14.55     0.018
   -0.48  -12.63    2.25        -0.47  -12.63    2.26     0.008
  -18.13  -15.86  -48.09       -18.11  -15.87  -48.12     0.036
   21.96    0.98   45.54        21.97    0.97   45.55     0.016
   21.48  -13.22  -18.68        21.44  -13.28  -18.66     0.080
   11.99   12.01   63.12        11.98   12.00   63.04     0.075
   38.24   10.91    4.92        38.23   10.92    4.93     0.023
    8.12   -6.70   37.12         8.12   -6.68   37.12     0.022
  -24.80   11.32  -21.37       -24.80   11.32  -21.36     0.012
    5.80  -14.55  -20.90         5.83  -14.56  -20.91     0.033
   24.62   12.56   32.46        24.63   12.57   32.48     0.024
  -36.38  -24.98  -33.73       -36.32  -25.04  -33.80     0.111
  -22.33    8.75  -37.73       -22.33    8.78  -37.74     0.034
   36.00   13.45  -10.70        36.01   13.48  -10.69     0.027
    6.32  -14.40  -20.33         6.35  -14.42  -20.34     0.038
   -7.14    8.60   41.47        -7.09    8.60   41.47     0.056
  -21.31    4.10  -43.03       -21.31    4.13  -43.05     0.029
   21.21   13.95  -30.61        21.25   13.98  -30.66     0.074
   15.08   -7.62  -22.05        15.08   -7.62  -22.12     0.071
    7.83  -14.62   -0.49         7.83  -14.63   -0.47     0.016
   -4.93   -0.72  -37.36        -4.95   -0.72  -37.35     0.021
    3.00   -6.94   40.48         3.00   -6.90   40.49     0.042
   22.37  -16.07  -12.16        22.41  -16.12  -12.18     0.068
   -6.97    4.71  -33.39        -6.99    4.70  -33.38     0.023
  -10.00   12.95   13.75       -10.01   12.95   13.76     0.014
   36.65   13.88    5.43        36.62   13.88    5.45     0.032
   12.38   16.57  -22.23        12.39   16.59  -22.22     0.027
  -25.41  -32.49  -23.47       -25.40  -32.49  -23.47     0.013
  -14.81  -16.85  -47.25       -14.80  -16.85  -47.28     0.036
  -16.16   17.72   23.49       -16.14   17.70   23.50     0.030
   -8.46  -26.17  -36.65        -8.45  -26.16  -36.65     0.014
  -29.07    4.96  -40.39       -29.09    4.99  -40.41     0.037
   13.69   18.62   62.37        13.66   18.59   62.34     0.041
   21.73   25.45   -6.90        21.71   25.42   -6.88     0.043
  -27.37   11.03  -23.03       -27.37   11.02  -23.02     0.018
    3.74   24.44   15.62         3.73   24.42   15.63     0.024
   18.94   20.40  -28.72        18.96   20.44  -28.74     0.047
   27.81  -11.65  -10.79        27.85  -11.67  -10.77     0.046
  -21.03  -21.40   -7.40       -21.03  -21.38   -7.43     0.032
   -0.63   -6.28   40.62        -0.61   -6.24   40.63     0.047
    7.02  -12.50    6.07         7.02  -12.53    6.08     0.024
   17.50   21.14  -28.96        17.51   21.18  -28.98     0.045
   16.46   -4.78   46.38        16.45   -4.77   46.39     0.016
   21.25  -13.08  -18.63        21.00  -13.43  -18.42     0.479
   17.86   -7.15   16.14        17.86   -7.16   16.15     0.020
   22.09   21.02   21.24        22.07   21.02   21.25     0.019
  -40.29  -16.65  -16.03       -40.28  -16.66  -16.03     0.011
   -0.34  -10.47  -31.65        -0.36  -10.46  -31.64     0.030
  -26.22  -32.33  -23.07       -26.20  -32.33  -23.07     0.012
   -1.75    0.57   63.43        -1.75    0.55   63.37     0.058
  -25.96  -13.31  -48.19       -25.96  -13.31  -48.23     0.042
    3.93   -5.99  -24.77         3.95   -5.98  -24.79     0.033
   13.32   -5.73   57.20        13.31   -5.71   57.21     0.027
   -2.08  -21.52  -33.36        -2.09  -21.51  -33.35     0.019
    1.48   -5.32   63.49         1.48   -5.33   63.45     0.050
   33.38   13.33  -20.21        33.36   13.34  -20.19     0.029
  -11.85  -27.86  -16.32       -11.84  -27.86  -16.32     0.011
   15.40   -8.65   12.06        15.41   -8.66   12.08     0.015
  -22.06  -31.30  -34.97       -22.05  -31.32  -34.98     0.028
   23.91    7.37   41.66        23.93    7.37   41.67     0.029
  -30.57    0.77  -42.95       -30.59    0.79  -42.97     0.033
   35.04   15.18    6.49        34.99   15.15    6.48     0.055
    6.14   20.13   -3.57         6.16   20.12   -3.54     0.033
   15.85   -0.08  -21.75        15.83   -0.06  -21.80     0.058
   18.56   -8.66    9.68        18.57   -8.68    9.70     0.025
   17.13   22.24   29.08        17.12   22.23   29.09     0.022
   25.41   -6.74   11.07        25.41   -6.76   11.09     0.033
  -27.90   10.20  -20.52       -27.90   10.19  -20.51     0.014
  -31.84    8.91  -29.29       -31.85    8.92  -29.28     0.017
   -8.26    7.86  -24.86        -8.27    7.86  -24.85     0.013
   -2.39  -20.46  -13.80        -2.39  -20.45  -13.79     0.011
   22.54   13.67   41.17        22.56   13.69   41.18     0.032
   -9.51  -28.67  -31.90        -9.50  -28.66  -31.90     0.014
  -12.93   10.86   20.34       -12.91   10.87   20.36     0.033
   13.15   27.28    0.31        13.14   27.27    0.33     0.025
    9.67  -11.24    9.24         9.67  -11.24    9.25     0.010
  -11.18    7.33   10.41       -11.19    7.33   10.42     0.013
  -42.09  -14.16  -18.72       -42.10  -14.17  -18.71     0.014
   -6.20    0.28   41.63        -6.16    0.28   41.64     0.039
  -25.22    8.11  -38.02       -25.23    8.12  -38.01     0.020
    0.05   -8.19   27.07         0.06   -8.16   27.07     0.029
  -24.74  -21.47   -7.30       -24.74  -21.46   -7.33     0.034
   37.32   12.49   -4.39        37.28   12.47   -4.37     0.047
   17.72   26.28    6.56        17.70   26.24    6.57     0.049
  -43.35  -12.44  -26.25       -43.37  -12.46  -26.26     0.022
   -9.45   -3.49   16.91        -9.42   -3.48   16.91     0.030
   29.76   20.75    6.40        29.73   20.75    6.42     0.033
  -29.75    4.79  -40.24       -29.76    4.81  -40.27     0.038
   19.60   22.68  -26.58        19.58   22.68  -26.56     0.026
   21.62   10.25   56.10        21.66   10.25   56.12     0.045
   -3.65   18.51   10.72        -3.67   18.52   10.72     0.021
   -5.09    0.17  -35.89        -5.11    0.18  -35.88     0.019
   22.84   13.46   39.75        22.86   13.48   39.76     0.034
   -6.30  -27.08  -23.00        -6.29  -27.07  -23.00     0.012
   13.06    7.42   62.99        13.06    7.41   62.92     0.078
   -8.73  -20.78  -42.79        -8.71  -20.78  -42.81     0.024
   10.59   -6.69   52.89        10.58   -6.66   52.90     0.033
   29.52   -1.93   17.29        29.52   -1.92   17.30     0.014
    3.40   -5.50   63.46         3.40   -5.51   63.41     0.050
  -14.20  -15.10  -47.81       -14.19  -15.10  -47.85     0.042
  -12.05    9.41   19.22       -12.01    9.41   19.23     0.043
   12.40   16.94  -21.00        12.42   16.97  -20.99     0.031
   20.74   25.93    2.16        20.72   25.90    2.18     0.039
   21.60   22.35  -25.52        21.59   22.36  -25.51     0.024
   -3.79  -16.04   -4.76        -3.78  -16.03   -4.76     0.012
   -4.31   13.70   57.01        -4.32   13.69   57.02     0.019
  -30.31    6.48  -37.79       -30.32    6.50  -37.79     0.019
   38.93    1.94    6.87        38.95    1.95    6.88     0.023
   -6.42   17.15   12.56        -6.45   17.16   12.56     0.023
  -16.02   19.22   24.20       -16.01   19.20   24.22     0.026
   14.32  -16.87  -10.45        14.31  -16.94  -10.47     0.074
    3.99   -7.37   59.34         3.99   -7.31   59.35     0.057
   31.58   -7.68   -0.48        31.61   -7.69   -0.46     0.041
   -4.60   16.87   10.34        -4.63   16.88   10.34     0.029
   33.79   -5.50    6.84        33.82   -5.53    6.86     0.045
  -33.00    5.86  -16.43       -33.01    5.86  -16.42     0.012
  -36.65    5.67  -28.10       -36.66    5.68  -28.09     0.016
    6.73   -1.14  -22.30         6.74   -1.12  -22.32     0.034
    1.48   -0.30  -24.22         1.51   -0.28  -24.26     0.049
    7.53    3.80   63.16         7.52    3.79   63.10     0.059
   22.81  -12.11   -2.07        22.82  -12.12   -2.05     0.022
  -11.70  -29.95  -31.76       -11.69  -29.94  -31.76     0.013
   30.91   16.23  -21.82        30.92   16.26  -21.82     0.031
   -0.19  -20.39  -25.55        -0.20  -20.38  -25.54     0.016
   18.60  -17.22   -8.17        18.62  -17.27   -8.16     0.054
   -7.35   21.30   36.77        -7.35   21.27   36.77     0.028
   -9.68  -24.09  -12.69        -9.69  -24.07  -12.71     0.028
   -3.29   -5.79   34.48        -3.25   -5.76   34.49     0.040
   14.66   15.29   63.12        14.66   15.28   63.03     0.087
   -1.72   12.19   -2.19        -1.72   12.19   -2.17     0.014
   -6.48  -25.39  -18.13        -6.48  -25.37  -18.13     0.019
  -20.91  -32.67  -30.45       -20.89  -32.67  -30.45     0.014
  -40.85  -18.73  -19.21       -40.86  -18.74  -19.20     0.020
   15.49   22.72   27.56        15.48   22.71   27.57     0.021
   20.72   17.95   36.31        20.74   17.97   36.33     0.030
  -13.72   -1.25    7.46       -13.68   -1.25    7.45     0.034
   -0.03    4.43  -22.22        -0.03    4.45  -22.22     0.018
  -30.81   -5.85  -46.51       -30.83   -5.83  -46.54     0.039
    7.66   23.42   24.57         7.65   23.41   24.58     0.020
   -8.32    6.13   30.75        -8.26    6.14   30.75     0.055
   21.23   -7.74   10.57        21.24   -7.76   10.58     0.024
   20.07   22.09   21.81        20.06   22.09   21.83     0.021
   25.04   -5.21   16.46        25.05   -5.24   16.48     0.035
  -31.46  -29.30  -20.42       -31.46  -29.31  -20.41     0.013
    8.08   21.40   39.40         8.07   21.41   39.41     0.023
   37.54   12.47   -0.26        37.50   12.44   -0.25     0.055
   38.19    2.29    8.49        38.17    2.31    8.49     0.027
   17.06  -12.58    2.68        17.07  -12.58    2.70     0.018
  -15.08   12.54   23.43       -15.03   12.57   23.45     0.066
   -0.34  -12.65  -34.07        -0.37  -12.65  -34.05     0.035
   32.29   16.95  -16.99        32.27   16.96  -16.97     0.027
